0.438801342230092
0.456279249607645
0.362152216529856
0.237423829676215
0.139469312715107
0.146175305294535
0.261044388244347
0.342671478598927
0.303529881810157
0.244921193999125
0.260625072380404
0.286717859549521
0.25737164193011
0.216773045036883
0.191766232489296
0.148114284468918
0.118688075498543
0.175072900504047
0.270405653715358
0.298653786045074
0.253276971766825
0.173929152769105
0.0609557687254051
-0.0512934081647153
-0.106102789367738
-0.13959951984761
-0.196583043571877
-0.206562727684008
-0.147002727839654
-0.162082865513412
-0.316956247221747
-0.461032422342134
-0.494704563711886
-0.501045709684805
-0.52063415162235
-0.49335202074172
-0.448437389721872
-0.469542256557074
-0.518901624543377
-0.521196409024784
-0.49299759524351
-0.439532533353383
-0.316267795905765
-0.162720438297215
-0.0609761469792592
0.0175882535801791
0.122164329957854
0.189320047231967
0.185827341398973
0.225244711110879
0.380671804249485
0.54840879975615
0.616529688133312
0.605180432923994
0.57269640957223
0.546098768988227
0.551519007432856
0.552540964262121
0.437587152716037
0.232315367275605
0.144094382917074
0.227580517730528
0.274531802605962
0.189443078132858
0.139504608706351
0.199760479823228
0.20110349311908
0.0279537712583111
-0.232440485162762
-0.454053014089747
-0.560239368997859
-0.528590620129743
-0.45862668239852
-0.486190047662036
-0.577540119110177
-0.609976113236791
-0.608960816383742
-0.668527980151261
-0.750589710347802
-0.769529649736667
-0.706589011277416
-0.527211505355105
-0.225993120595004
0.0241360320675446
0.055523163160467
-0.0055266576563139
0.0923881523119333
0.371157235673261
0.66114257468457
0.840320003470967
0.865714973632892
0.748200281528573
0.616935173039908
0.621795098015273
0.715667226764831
0.739657131382829
0.707989582629247
0.748684129946131
0.810381627412778
0.713392622061949
0.438724874371515
0.136932291013654
-0.0608567281559143
-0.107438624598099
-0.066742728692509
-0.117274139558874
-0.339224392582087
-0.554067856989518
-0.576223478048756
-0.473642843588699
-0.38631260660569
-0.310818699204511
-0.23143842127599
-0.20817239116047
-0.229244866292981
-0.228861949403033
-0.253393865770801
-0.366745518037389
-0.490008250407875
-0.544475108196919
-0.569181429837103
-0.553537334669589
-0.409509279482955
-0.185648443151057
-0.0372843027362632
0.0061005557940681
0.0016471173102924
-0.0629444554692721
-0.166778380197945
-0.176706334331609
-0.0572640452362661
0.0439132991384994
0.0498965487315583
0.0612811188673157
0.124051941891579
0.146711581000359
0.104171107923223
0.0774677952163586
0.0936402786288216
0.146223649744704
0.281429593984132
0.466875504864451
0.544078792499047
0.464148118969015
0.355720779158706
0.288271734226977
0.21708931933904
0.14931673054471
0.110536930267231
0.0334193750201066
-0.104206144926108
-0.185894450700892
-0.153985936499498
-0.0988637045116046
-0.0844616330933654
-0.103816956977948
-0.169216990545776
-0.233808170748651
-0.174236163779964
-0.0354731497471301
-0.0418985280622788
-0.225447058989742
-0.357734199018033
-0.326324065693392
-0.237869935546516
-0.143459573869168
0.0052398159373452
0.167976909313619
0.258576623392975
0.294960512716063
0.320500266073733
0.312207374107319
0.293264179063151
0.355555037547295
0.481327873110504
0.544427819352103
0.525934876955473
0.505915259374643
0.466487288999326
0.343403020228658
0.195471024746794
0.104996044778287
0.0392428215620536
-0.0357730859686861
-0.0849432701173026
-0.120230670644696
-0.181061687034166
-0.218719161406771
-0.200294157180655
-0.212946254048592
-0.294952675316855
-0.357427772936011
-0.38794367088405
-0.477695256265593
-0.603125400807448
-0.663619692034402
-0.693464018398176
-0.749619697455095
-0.718662684047826
-0.509541088484914
-0.260632598164278
-0.142980907612437
-0.152683220514458
-0.198586786097867
-0.188909373068546
-0.0433414211587673
0.183216435114361
0.292987132696083
0.223363292074212
0.160337603037285
0.253004865799208
0.426161472818682
0.560913334231406
0.631028689665259
0.607981634187031
0.470678559522067
0.334802756914304
0.346570099769201
0.469729522040145
0.566190327769787
0.580125265788556
0.484685939168611
0.239142324131214
-0.0672778576550005
-0.252230085584836
-0.285388826064473
-0.271535284534482
-0.233686810456981
-0.154145790250786
-0.111539829319297
-0.156600200970141
-0.218907429025837
-0.278080538095265
-0.395105515416707
-0.508230284963182
-0.476391156759077
-0.337900903861771
-0.267206418663188
-0.325587031338612
-0.443538068103409
-0.523412991478667
-0.458862951618751
-0.237360063154774
-0.02565873493793
0.0526202653487356
0.116012092396292
0.291464101322956
0.478900827377531
0.554469217130361
0.57361813041275
0.599375499897365
0.575420497070844
0.496608654772358
0.456724653360428
0.451468002594096
0.386716354480419
0.297710104512265
0.289875363057134
0.297926641244031
0.178203916540716
-0.0349431333281439
-0.196306103486857
-0.248946327041284
-0.205883397794313
-0.112033688802089
-0.0845381646506633
-0.17950757001533
-0.256063697430695
-0.19021257707869
-0.0916149592245707
-0.106120079269147
-0.202406810086607
-0.303672855548036
-0.388006968037654
-0.395237629710728
-0.304825708541301
-0.270803375644924
-0.40602030635538
-0.56306271606891
-0.571526553671151
-0.477200557786574
-0.362005885811549
-0.204856182835713
-0.0414926528675883
0.0245416185939478
0.0166805607764008
0.0487712764991186
0.138616290067392
0.246697109883766
0.379380578396331
0.504578186176937
0.524344846183882
0.444544836902064
0.400901543537184
0.446077553993126
0.490266017130172
0.478604552172808
0.446370493703176
0.420698169598632
0.416432010928413
0.429960290084863
0.346749181169362
0.0624495680124179
-0.259797974883259
-0.341710061505478
-0.20007762722607
-0.0926557317867513
-0.122546028633231
-0.207382076339986
-0.313368832184624
-0.437347193969969
-0.511488901621917
-0.51899632354615
-0.52313967132702
-0.513163485100439
-0.440343007152452
-0.363061067175658
-0.325167701725701
-0.233906378349186
-0.0680732622850607
0.0211772185589733
-0.0163235559532881
-0.0321401636671293
0.0429467798274659
0.108020186799462
0.114493964643121
0.129699442487883
0.197788085829143
0.310749708471796
0.443137404387458
0.522668809591714
0.490366118493586
0.420208297729109
0.422196576852258
0.454598765435813
0.422624724126173
0.376874299355408
0.382828679929815
0.333170759503992
0.152200866097733
0.0043800562678003
0.0387272338033925
0.138288012650488
0.138773605431311
0.0617530590815579
-0.0122324655635475
-0.0676857271953076
-0.0950902474490879
-0.106907529103632
-0.164697628452022
-0.249958297079603
-0.270820688460294
-0.282564771444676
-0.440139551000649
-0.687846996221686
-0.808344985515798
-0.781735060594945
-0.786117980278356
-0.885754079959683
-0.97561142014728
-0.945455402899479
-0.741809320833313
-0.408765529552331
-0.117049835776384
0.0163099686536719
0.0832453147286211
0.198085161082866
0.312004754308134
0.376950504513106
0.48998634047618
0.712598863752127
0.934524955529541
1.03636075042818
1.01921987895146
0.916745626222376
0.75238831114588
0.589597315994647
0.456373033540792
0.287361838046683
0.0988455049250539
0.0573398801244759
0.210551434713919
0.370603589885415
0.393512913506032
0.323178566051749
0.204089317986415
0.0279307175996724
-0.142753506083638
-0.246863491809016
-0.339302439774412
-0.453244733648621
-0.517431389307987
-0.527568798324229
-0.576369437156718
-0.668889183982198
-0.741938564326106
-0.813992104950765
-0.894180260322973
-0.89250749837806
-0.804474660143931
-0.755963531047841
-0.750238045643522
-0.659441020257903
-0.498786897562552
-0.385528211803806
-0.266167817628011
-0.0077565553241531
0.32589807467429
0.573455364145957
0.736776675603308
0.911559741082401
1.08068820072895
1.15376125705982
1.09625647764145
0.913849192174867
0.647957310216134
0.441283320766593
0.439860566152445
0.597606042946768
0.717331240334747
0.661472864317991
0.434703481459388
0.159579878665688
0.0107380109566253
0.0334957064949968
0.0713345828303772
0.0256186859549096
0.0180128945126543
0.108061585789803
0.115105552961202
-0.0615468668576976
-0.243898649922288
-0.290597589789624
-0.310586021968044
-0.427552783572806
-0.600035748768939
-0.716438782585847
-0.659625532536849
-0.372705824415874
-0.0308589821255749
0.0602571160108313
-0.130068436746579
-0.311779915205911
-0.288104924136731
-0.134468606167295
0.0122126167031077
0.0726295254270711
0.0091535129717809
-0.103724352075648
-0.114096784767162
-0.0104588437027519
0.0713885505169377
0.0941270432027348
0.138509316485941
0.183802094743748
0.131800176133908
0.0111137437263456
-0.0998972698479507
-0.248104417815574
-0.449962420215425
-0.540116924490713
-0.422190939103138
-0.251570858530931
-0.175303277911363
-0.142818207382906
-0.0977234910859055
-0.0929073676231241
-0.154962680054943
-0.247786001051092
-0.33953234935126
-0.370327166271503
-0.292723541180588
-0.207911691857522
-0.243882825332655
-0.318099633854659
-0.28858134066007
-0.226663141901734
-0.24006930762021
-0.217050368346886
-0.0539008866391041
0.0901744161616327
0.0320277350211653
-0.162550460778748
-0.311309805194814
-0.312597595406868
-0.15305629384118
0.0930365299854801
0.29004850170786
0.394968725111398
0.494872525419734
0.620581861672479
0.680365922871612
0.634064853361457
0.556703921079816
0.488024223172461
0.389902396578013
0.270860802915546
0.205712199374919
0.250939284732305
0.423671611451291
0.657999048725798
0.764265885296031
0.641237409195696
0.490937683344539
0.543653889930544
0.68211920472906
0.668564619940668
0.564128449490855
0.567484242522513
0.650296657337295
0.677404269937555
0.663081183478279
0.666770280770483
0.670549844541613
0.693372482130724
0.780356612787548
0.839811793481435
0.719291856774736
0.411550404359205
0.0351373531947271
-0.274545159340665
-0.403187509021405
-0.379321832514361
-0.424983020758899
-0.666263262865977
-0.917509067813428
-0.972324577290177
-0.913611436226504
-0.929676782401459
-1.04609681406016
-1.2065980565598
-1.38655634303839
-1.49684136270104
-1.40179674525184
-1.12697046606213
-0.851291180191348
-0.674293647893236
-0.586109351181569
-0.597734733834237
-0.679384800579816
-0.687568548680728
-0.558999833379925
-0.432561115930139
-0.447492072376625
-0.594598225579231
-0.798831330332415
-0.948142152560774
-0.901194815149861
-0.670755988996996
-0.472456077398456
-0.4395014176761
-0.487116165506104
-0.53352243897113
-0.581976264583991
-0.572008930609711
-0.445405188166495
-0.292503695728714
-0.161043291005562
0.0984885194567614
0.545392678015893
0.97789462317166
1.26596725899548
1.54181570161904
1.90099091970144
2.22645417475923
2.40138963881753
2.43018950109649
2.33149563792783
2.12199063664333
1.87344640029524
1.64350301804897
1.41463779484831
1.1686463849748
0.916027373836957
0.638634848565766
0.340137522115778
0.112331772960252
-0.0079601407941795
-0.139986849792904
-0.346350603578349
-0.501650417087524
-0.539453337203845
-0.582880423305967
-0.686055338848337
-0.723202463046777
-0.630410001294401
-0.500679614918337
-0.431289887564693
-0.483938157002473
-0.685993122573193
-0.907097811849019
-0.938468318613936
-0.803474832494639
-0.727014448983782
-0.768587834086408
-0.794060697398044
-0.768439864790866
-0.753686369852081
-0.705011014667646
-0.549470659240422
-0.343402371032141
-0.170936779709539
-0.0534619366188981
-0.0304128530260423
-0.124396773765734
-0.23220946650166
-0.238187681508162
-0.158245984223635
-0.0338737787628951
0.161097645800491
0.391010643160515
0.522181185350442
0.517615244286996
0.496158094242098
0.545421256579689
0.64375611274118
0.754409699038786
0.814749669804316
0.710227634655221
0.449430134036186
0.233497122884372
0.19467601861023
0.249265479567326
0.287149414378112
0.258919004258042
0.0799051367464387
-0.258663050311653
-0.547468764927792
-0.596810886971998
-0.47977402456564
-0.342210418235328
-0.202508045179267
-0.0766720971588174
-0.0164725648475688
0.0401620810358388
0.162984669218231
0.213897002748949
0.0306063183803314
-0.291417835259753
-0.546726088017306
-0.667869563016734
-0.660836392607932
-0.528881142283396
-0.35460531868098
-0.235661945122963
-0.149283317058413
-0.0653117788053478
-0.0612200751979817
-0.145836083908259
-0.162690503877542
-0.0317678912790425
0.122314405991444
0.202979213674188
0.268322771378348
0.333841384561416
0.302050569549974
0.171892858845622
0.0882337752888737
0.135911123743569
0.258192480617472
0.346971625422363
0.299182233504176
0.101728358129145
-0.0864170638496716
-0.10792591590764
-0.0302651148287455
0.0032933288422758
0.012885081134306
0.0547400181652141
0.0577354253797285
-0.0108761256420054
-0.0547696023633146
-0.0584366291224862
-0.119140252869725
-0.212228305607624
-0.199850297750127
-0.0618739608284571
0.107656578995692
0.235066234412774
0.251583507444735
0.137850720950508
0.051250582901041
0.150924851789522
0.310185633269542
0.291272621411971
0.126771839255838
0.0438901412133989
0.118144976739923
0.237566702659547
0.296123773672864
0.260994965872718
0.161011341206182
0.0890717535538801
0.0991297863144651
0.104641992342519
0.0194745616885532
-0.0883903019029346
-0.162699486793679
-0.307292431079774
-0.54322049165333
-0.645426589319421
-0.468169383371011
-0.188546555053239
-0.0255081274014293
0.0236451847318818
0.0416355739980234
0.0499534467908066
0.0649748235974378
0.0840005803140453
0.0528519160598219
-0.0145789472155581
-0.0238394117412547
0.0191370629343469
0.0158806610896476
-0.0398321599861792
-0.107257787147778
-0.2232514479569
-0.355236398016986
-0.330955152943096
-0.130029883604172
0.0128118909535691
-0.0385360708031937
-0.145123101218467
-0.155002902981358
-0.0654578621281623
0.0807123735256543
0.220698932758388
0.255364311058883
0.186140061245149
0.155022735037002
0.233941994301505
0.326096381612459
0.340175859748915
0.282644689816141
0.153985014167547
-0.0367378327712189
-0.155322730471271
-0.0640184525222124
0.155726072612122
0.282650263173571
0.19360536419889
-0.0801400376219172
-0.380144509848004
-0.461080352521891
-0.219974088497711
0.123605132057025
0.288069787380892
0.268989352257427
0.223749047714766
0.212735536249417
0.234985913184761
0.288907284643418
0.285548345055808
0.1546595743474
0.0440458862389888
0.129402936138918
0.300379533802809
0.317025059887095
0.146455728716355
-0.0795502611300234
-0.25335399913067
-0.296244164603843
-0.198974689481612
-0.108442498381591
-0.15340767444462
-0.23395589860784
-0.187229068061763
-0.0335526258031915
0.120728451008067
0.257763407941267
0.378346325496495
0.427324000946093
0.393084246159256
0.323692438172391
0.201283924691347
-0.0278865810063069
-0.300198088618473
-0.484831072235033
-0.540550778777388
-0.488278559051886
-0.357714879403264
-0.26187582688327
-0.329554340232253
-0.511472889263709
-0.662212752406966
-0.759446065403702
-0.818346921155704
-0.757934491499666
-0.59404792810185
-0.53224282798588
-0.658780017825344
-0.805137140774869
-0.848914627479674
-0.856016322932355
-0.880299585434355
-0.907463301826651
-0.947899356204476
-0.946943128833461
-0.763568813353566
-0.42345472870789
-0.1470974214543
-0.0130041180150083
0.107335333287198
0.251589368710329
0.33356913149269
0.375716164259018
0.470802761428072
0.588031609457868
0.65149961952205
0.686384519117973
0.717629490203635
0.686575652494419
0.593975734270189
0.549322788030744
0.595525284892977
0.662730518779913
0.719989368827421
0.785602013052936
0.820886467325266
0.795690852155662
0.776573380409103
0.818252513366761
0.908020235378981
1.06969836660872
1.32152999622781
1.55468152045993
1.67879810544873
1.78697204519524
1.96907916301952
2.14705061943011
2.26558033722004
2.39282351906779
2.51333981748799
2.511033176095
2.40862829850098
2.33083675818987
2.25754540161752
2.07922051292825
1.78456283495262
1.36997109314103
0.742558767588857
-0.106524770005529
-1.00744439443466
-1.77268260431438
-2.30902778953616
-2.61911186364751
-2.83355127669931
-3.12755800170352
-3.50579294483128
-3.81487700802165
-3.99242199756317
-4.11102102377978
-4.19432210271051
-4.21272398673126
-4.22324706730758
-4.28800218398257
-4.32643010905237
-4.26226933888302
-4.17173986851748
-4.06539281681013
-3.73944006781763
-3.07680601489478
-2.26347297699507
-1.52601054707606
-0.894532366320199
-0.317515723168759
0.235779568874346
0.810271659316507
1.40622933909314
1.94896754297564
2.43185484495223
2.92190877162068
3.36377870379886
3.599992284334
3.58991590519511
3.40406834448343
3.10332050976855
2.80935784329226
2.69639616818671
2.75530361600114
2.80552413576746
2.80203147444267
2.83602185494326
2.85519199996073
2.7088525753696
2.40477580346623
2.04401002469713
1.62724249360594
1.14944400720862
0.716828897787104
0.386857400393339
0.0623752567883018
-0.329945030294792
-0.725439682815999
-1.0522680808312
-1.30386230004315
-1.46871320522936
-1.54782633487469
-1.58572872654281
-1.56225331605869
-1.40929693122993
-1.21715965710081
-1.17003619067182
-1.22481548064722
-1.15333061904699
-0.903016898963809
-0.617499932656642
-0.373517321178075
-0.168407055505961
-0.0291734737176999
0.0764288649169085
0.246688087637596
0.448940952846589
0.55576705829546
0.593872068893725
0.681901929108118
0.78467485631336
0.802778008547985
0.780531094703019
0.794109872832626
0.799787545296692
0.744589254800932
0.641244355329216
0.482760602381819
0.275200763158915
0.121392815485393
0.0991365563145848
0.141476099482204
0.152058439321321
0.103835950272871
-0.0416738542300984
-0.337472937608733
-0.719039693782711
-1.03032473973822
-1.2002415158193
-1.2565148180597
-1.22498468112665
-1.17137484426571
-1.22162446256111
-1.37766157656153
-1.47566114265193
-1.44137068938934
-1.36688984407881
-1.29216913706058
-1.1830972071054
-1.09500781543573
-1.06552373807601
-0.94509308540582
-0.603893106354134
-0.152434401875651
0.238644717245427
0.522237312479825
0.672736452300946
0.670152032862476
0.625242572177917
0.664145089302214
0.741455036701057
0.776708403692106
0.806281630815241
0.826319658156302
0.730241289873539
0.52341475022267
0.334428253838772
0.179982346055624
-0.020154772344691
-0.244552680875927
-0.413949819124214
-0.524903343677404
-0.580821439916219
-0.544534258571677
-0.446334939254938
-0.351054160219046
-0.197606363416657
0.101836350326764
0.423679934361296
0.552161176579897
0.496908928006842
0.440442071144681
0.449903308138488
0.468023671107871
0.462225308759003
0.404173575737355
0.264352536855232
0.118953520053371
0.0773762280872786
0.123430265601873
0.220360247830875
0.435698890631198
0.766750344618765
1.05465914949573
1.22811443725877
1.37953777745366
1.53179347050377
1.61930934887757
1.67834131207799
1.76224916074942
1.78163098477768
1.68792413503233
1.60557314734398
1.57054133314817
1.4168123390203
1.06938636244435
0.645100292043293
0.203820714245751
-0.292803487665464
-0.789701358113204
-1.18265711298911
-1.49683859105727
-1.81998709258632
-2.15536251426669
-2.46776245875531
-2.7474135873956
-2.96044863659125
-3.07976489222872
-3.17334532460665
-3.29588967455981
-3.33372397532129
-3.13903516483738
-2.74386521280861
-2.29286507987119
-1.89223535137882
-1.60685567001826
-1.40643338566962
-1.09789162094084
-0.551608919754025
0.0687659393190291
0.54877583098037
0.939707874567236
1.39230957196586
1.89177718134039
2.36357495134604
2.80032807238189
3.15478430170461
3.35637807776341
3.46577808501473
3.57756500952516
3.64216592114177
3.58404802003975
3.42800175757991
3.16630779397869
2.74243827854204
2.23353018416529
1.77460908842108
1.33028384376663
0.816577146526577
0.318149729990009
-0.0882526603714399
-0.540413137779215
-1.17570315520003
-1.89955091456994
-2.54525741425414
-3.07147989264896
-3.48519621784172
-3.76064329525529
-3.90511759420492
-3.94281027719343
-3.8490172350225
-3.65539700288712
-3.50290553945507
-3.41448136330961
-3.19485591658395
-2.71873572747098
-2.10743225912721
-1.52274597747814
-1.01826913841605
-0.603472916087053
-0.222561360355496
0.251572540994547
0.81739010459826
1.32510943710801
1.78337395812111
2.39149145115278
3.16584335817002
3.86292423887971
4.32536337170764
4.58755056770822
4.65729111081898
4.48924512897571
4.13255050239293
3.70746582465835
3.30552774012838
2.9609185561695
2.59189008439911
2.0358476245872
1.29289662352574
0.58346708382225
0.0411150857108254
-0.423423154792223
-0.86658853418102
-1.206405662911
-1.44634790267162
-1.72025103530724
-2.05735941498189
-2.35143240901431
-2.56791335907485
-2.74301191049308
-2.81982001069135
-2.71543991466262
-2.46967945593336
-2.1480923712022
-1.75100313461849
-1.33690944298987
-1.00490131988407
-0.69569859565745
-0.282190499874407
0.162857193024511
0.478770429319737
0.705714771443677
0.995755932497473
1.37660877857601
1.79197262767734
2.17911059190562
2.40655398256507
2.36590430575409
2.13015406747191
1.80262257917486
1.34359129096245
0.775043249942408
0.316578309309223
0.081130456242761
-0.0980393384625051
-0.366039965098219
-0.652547513371415
-0.870476798495689
-1.04592997492116
-1.22634455829674
-1.44924526298459
-1.74471560415221
-2.05937620853049
-2.31115031440729
-2.56218267363374
-2.94515493855894
-3.42056692569569
-3.83114586975208
-4.14479777778789
-4.39378696304666
-4.48528653494093
-4.35491681471261
-4.15220096462012
-3.99346893559784
-3.73175176825191
-3.21726558960325
-2.55411902567061
-1.9212347057972
-1.37478943827379
-0.900812083593529
-0.428190585351199
0.193312567208557
1.03310698922637
1.9922252807686
2.97438042459403
3.93953060566693
4.75331357187203
5.26475215673036
5.53644999325545
5.7377337755537
5.89015054257799
5.93841195715902
5.90004416385078
5.76793480244013
5.48608074396471
5.11406940170965
4.77198139636062
4.44090782228311
4.07053829132917
3.76563726705758
3.61515328324233
3.50291038764488
3.29806863110017
3.05940263700706
2.92975429059604
3.02969135491137
3.49566487970164
4.35692912646732
5.32029647267557
5.90263586405386
5.78745620641316
4.90796260561902
3.34379441287631
1.34994617035652
-0.713290829064753
-2.67487392956292
-4.5730500893147
-6.32057960903337
-7.66876597466421
-8.54925206372522
-9.13463625426633
-9.5534055694883
-9.79750382391216
-9.84958586198759
-9.72431041163621
-9.49635092674743
-9.3505597147457
-9.41819384572448
-9.57077438270632
-9.56725198740606
-9.30569598274873
-8.76489006510878
-7.91462017157032
-6.86048541092149
-5.83464485790377
-4.92154973502505
-4.03164723705955
-3.16646493266102
-2.45607591178905
-1.95395543325711
-1.57585489204204
-1.16261552951424
-0.527429975155213
0.373444686141351
1.26537167699993
1.77742374411744
1.88681683264829
1.94798937839068
2.31414632822679
3.15069278619163
4.51807224194928
6.34743287360877
8.41254360004243
10.5560387539521
12.8250824882092
15.251762569204
17.7070319206681
20.032051578328
22.0549221070612
23.487556867398
24.0516870363916
23.5884679211186
21.8460601736977
18.4786562541488
13.6037040648646
8.13507719982569
3.26611043488585
-0.307179483267282
-2.66486768311404
-4.42904261387279
-6.28303519308376
-8.53601712998724
-11.0947851111466
-13.7403270096888
-16.2074904368276
-18.1320298498234
-19.2787099425757
-19.7503368857172
-19.7303889741959
-19.2339846625531
-18.3447771333114
-17.3900163755233
-16.6023669694898
-15.8374990670048
-14.7908324228572
-13.2619148876946
-11.1380700825844
-8.40939363533179
-5.28527889360131
-2.07104361706099
1.06797659215022
4.02266274335896
6.55323925612596
8.43972895597402
9.68594646360139
10.4086931525241
10.7496221797767
11.0159799888961
11.5992999541096
12.5764352859362
13.5625438713081
14.0204569728026
13.6521397544492
12.6048400412994
11.3579837724506
10.2370390833879
9.0451268958133
7.37843548655426
5.1887833482801
2.78026662847213
0.442200043846256
-1.64599971750421
-3.38536302384288
-4.88141981359895
-6.37896215388918
-7.94968142558628
-9.45806386544039
-10.7919780607519
-11.8616577770037
-12.5034597775341
-12.6649346067947
-12.5373057247419
-12.2926439108161
-11.8587957427257
-11.0855961432369
-9.93872168052645
-8.45569556988851
-6.72142646060864
-4.92642348631725
-3.25315511765131
-1.72331499105504
-0.334183922734524
0.767918061641578
1.46693156213863
1.91489724132903
2.42201691492923
3.20010655642088
4.21911196190267
5.1494716962416
5.54965622007573
5.35055941427086
5.02601304350068
5.09087385347424
5.62934957357692
6.44692618170739
7.39024862298551
8.37802482091162
9.37489711223613
10.4042153184569
11.4163968754731
12.2400461339058
12.8107628139588
13.2374674660323
13.5302689208614
13.5424312773791
13.2322318124216
12.6672267787278
11.781835514866
10.4434446035241
8.71655349343563
6.8396676288859
5.05380456129287
3.58696723577529
2.59646942334348
1.96678022303615
1.3060810850461
0.212455267630162
-1.54294020728503
-3.96205966213987
-6.68434968761287
-8.99032657095669
-10.2290977945822
-10.252883559736
-9.37493444861834
-8.14035021757515
-7.24303562013775
-7.31457689472461
-8.5425399284293
-10.6166465532555
-13.0453706003739
-15.3689869885457
-17.2251970623798
-18.4725860477808
-19.1696710646484
-19.341433613707
-18.9457659684167
-18.0595738583654
-16.8375732923538
-15.3522015380153
-13.7255859969582
-12.2473035316895
-11.0903153530145
-10.0993790327261
-9.02908316424873
-7.73411839546554
-6.07103738550885
-3.98134928210929
-1.73091337294977
0.263869765098287
1.89122945523142
3.4536028900581
5.42592265768247
8.20339427433603
11.845023227227
15.9112765674293
19.7493636409344
23.0190708300762
25.735328125582
27.7893127335873
28.7212331100223
28.0732492100893
25.8392532059434
22.5885741453215
19.2066053451239
16.3235281542819
13.8608873534228
11.2565512029078
8.10843504405225
4.44043960930854
0.548288020170026
-3.09226517913882
-5.95063224026809
-7.81090448072561
-8.92967404269957
-9.71992028732541
-10.470959352358
-11.3331834778449
-12.2194526474752
-12.7439383742756
-12.5906301719866
-11.880615762604
-10.939621361893
-9.893918230967
-8.71667782111599
-7.43929406747543
-6.11763949453004
-4.74428539028037
-3.24308702603516
-1.44644613138111
0.772680134767148
3.17657562732561
5.1561267880981
6.20716844059284
6.26460944621318
5.55113630647083
4.36726134358593
3.07604987560217
2.02942977806762
1.44658062137058
1.50357546970814
2.38673366077047
3.97156695539756
5.59174398535388
6.42989593866072
6.06999168733431
4.58738211972342
2.38844527684501
0.0972756396957981
-1.7005119446897
-2.7758838675723
-3.23787361761597
-3.30805065933492
-3.24903942977621
-3.29261905964914
-3.44603452324094
-3.53655646036949
-3.50878395322595
-3.48047713340369
-3.5433589530968
-3.71329029662523
-3.96092031684741
-4.13420249487898
-4.06002810306461
-3.82976234172908
-3.71664151159407
-3.77370393968406
-3.80445475972035
-3.69179711775143
-3.48668697268349
-3.29763470294312
-3.32503854936735
-3.80483335909351
-4.69500542348499
-5.58914161495615
-6.06807108043374
-5.96514821290709
-5.26338125607059
-3.98735769061645
-2.26309132216204
-0.304130404535402
1.65913721974186
3.32180025794436
4.35089505957918
4.70595857155948
4.76928460045497
5.00346977319527
5.61369775432305
6.54426025419712
7.57335736587132
8.45299231920951
9.16882893489836
9.94667629936331
10.8578428013075
11.6378980268362
11.9790777041016
11.70871973414
10.6775476563301
8.84714241251293
6.48965469599096
3.98980712940132
1.5201886162543
-0.880222853451047
-3.1198523447777
-5.1390666773263
-6.95476660148584
-8.53019399316011
-9.81712808847814
-10.8739438812545
-11.7053240426945
-12.1213285420412
-11.9700342556414
-11.3322235143349
-10.3416588032478
-9.04962618463275
-7.58997995294162
-6.22145252123192
-5.04623861930516
-3.84121798471983
-2.26932170743698
-0.189381181588935
2.2132585845411
4.52281067583343
6.4142480514846
7.93620091108944
9.33278750426164
10.6269374984652
11.645893099627
12.3799006780011
12.9594232675073
13.3252303608316
13.2321518613635
12.5218364054807
11.2117525479445
9.47742599978517
7.65951569516619
6.0761533961488
4.77955224299251
3.64968229808814
2.5633515164574
1.27133985229023
-0.55246424341567
-2.82164414734904
-4.92387520208805
-6.37534312268909
-7.27749970031881
-7.96896190201151
-8.5884185661871
-9.0952584448392
-9.39383672800332
-9.36524749694565
-9.00818525159196
-8.55647330228905
-8.30687216038248
-8.32596005190892
-8.32394866145399
-7.75860739901277
-6.20921982084254
-3.88258585903184
-1.65355833071936
-0.335033845327124
0.0273726389968947
-0.0700213886133861
-0.323055230869388
-0.827446068375534
-1.71959834237416
-2.92433285122543
-4.2265306003675
-5.48634973533154
-6.82289834229066
-8.48231860186967
-10.3984003056104
-12.0936268152542
-13.176364156984
-13.6643362746346
-13.680771839406
-13.178307987242
-12.1242304004006
-10.6559341098624
-8.9169002272704
-6.9087699068582
-4.5266135959262
-1.70668831608731
1.33339028959048
4.09801116737807
6.35589085105067
8.52910296005561
11.1564682366305
14.1462796364113
16.9173873747729
19.0077096557001
20.1789791306266
20.2420926500679
19.2167247009613
17.5211994290877
15.7230219717193
14.1616465552292
12.8981698280633
11.9019524227196
11.2204088526608
11.0383957551007
11.5372322401375
12.6494949116053
14.0930899676107
15.6790684356887
17.3700950844582
19.0664017839754
20.6456361363229
22.1194902790825
23.321404552301
23.4917652259035
21.6162963757405
17.2880191072377
11.1499181952176
4.61048545520592
-0.91527400381952
-4.85616741584499
-7.70505161994042
-10.2340983616767
-12.6468722035645
-14.7317189288741
-16.490291596782
-18.1533930467103
-19.7864875945122
-21.278423963302
-22.6198130744714
-23.9523547319617
-25.3602748005347
-26.6475078964351
-27.3417067468729
-27.0638940964912
-25.8611962189781
-23.9367698197252
-21.1945865215254
-17.522486120729
-13.5101066158844
-10.3789685785871
-9.06362652901744
-9.67029440171159
-11.7909687751079
-14.8636602845758
-18.1307385060117
-20.7138100629247
-22.029994150215
-22.0370526263445
-21.0272871945236
-19.2780160656419
-16.9241963130645
-14.1468020833365
-11.3574654741507
-8.89818780424032
-6.51508474571686
-3.50981665818928
0.469958464259235
5.13329835505334
10.0023286668586
14.6752944931436
18.6862171330132
21.6922733415625
23.8778151561229
25.7785238308399
27.7283965616761
29.7288835592496
31.6752737766983
33.4680302706328
35.0411955278209
36.3255233350517
37.0013539452897
36.4489271714515
34.2982873370959
30.9369046953934
27.1903882077398
23.5795485138078
20.0557090035491
16.3486436867192
12.4377210005628
8.72776276387595
5.80142881176797
3.99111702190794
3.23314365079016
3.26262793337065
3.70932954268675
4.0321629473925
3.76564181114704
2.92956710014246
1.77853497990818
0.0683820674997543
-2.88867966682293
-7.21628791685868
-11.9376808224869
-15.6715393055218
-17.6681432663181
-18.1737981005304
-18.0399002246653
-18.015737798061
-18.2948657280939
-18.6458314113351
-18.760366047218
-18.337042048173
-17.1527154968265
-15.3981553635336
-13.7556648882259
-12.9134247879364
-13.1538656368303
-14.3541853944703
-15.9529905899807
-16.968327019462
-16.6143619658141
-14.9732805183242
-12.6805762321439
-10.0591799624286
-6.99924225252524
-3.60416132666245
-0.546326774644244
1.26833862313819
1.2596193507671
-0.479760526936138
-3.23507378721416
-6.14365975904438
-8.72042065321726
-10.9190796287735
-12.7927548291715
-14.2572114929999
-15.1128297081499
-15.1467992522236
-14.2430039973781
-12.4004183561262
-9.58373109640324
-5.7464124462855
-1.22375207112252
3.13177060107137
6.51282235190317
8.70091398053303
9.94845337059958
10.6962022211983
11.557992335535
13.1365036549482
15.5655809448881
18.4049318658475
21.0189242090133
22.9481357159218
24.1211348842959
24.9113158101767
25.7912413301434
26.8451666883088
27.8746844400608
28.9039852131975
30.0919499964592
31.0158074594061
30.3685526618375
26.6339452227576
19.2707450310016
9.49475227936126
-0.115796909674741
-7.11014862096327
-10.5299507573947
-11.0138712859222
-9.91257734784782
-8.47818944257739
-7.5444313594353
-7.44372195242489
-8.08507549821122
-9.21752421867594
-10.5834890512891
-11.8529528696037
-12.7022690202327
-13.0479422326568
-12.9688250013801
-12.4180818419706
-11.2779925633858
-9.59045598329698
-7.44056341483101
-4.77836728753109
-1.66057333548247
1.48233777198524
4.06062883984711
5.72035675506227
6.4961238796059
6.74864711473988
6.92918712349298
7.28427460178288
7.90873191228156
9.03474644147107
10.7697602676012
12.3412897122898
12.0570477460584
8.41099148330264
1.26097955872182
-7.94214621077295
-16.906666219287
-23.7143552403901
-27.6959001241068
-29.3250076958959
-29.4799234496542
-28.9623881179385
-28.3856471816543
-27.994940653622
-27.5854484551689
-26.8823491118243
-25.9089999048614
-24.7484921473314
-23.176715909664
-20.8770464687274
-17.8495164485312
-14.3342954990541
-10.5150294353184
-6.48669158388123
-2.30587509448342
2.05499367522453
6.66867434966259
11.6120656524274
17.0355542701724
22.9576042080702
28.7641362391847
33.2349503343836
35.3529319432208
34.9790601522692
32.8135438227825
30.0241792164121
27.76523402405
26.5452224165722
25.9558807265751
25.1972530140456
23.8394645965912
22.1065724676916
20.6437534569044
19.9144061433748
19.5562435002883
18.5271249410097
16.1746087358571
12.8975181362903
9.48820758520323
6.13099784012628
2.30681047549842
-2.54814661019072
-8.42493854168132
-14.558059438147
-19.8177376476846
-23.5142102986924
-25.8331776131631
-27.3728653847639
-28.4544393134185
-29.0839504457626
-29.2812748675907
-29.0865676302675
-28.4084813288155
-27.1133737282784
-25.1482143837002
-22.5169556497419
-19.313332877333
-15.7520171418045
-12.0176448179905
-8.21066739389658
-4.51519784697525
-1.11341114921528
2.19217209572142
5.95557071565583
10.5734541545248
15.9736398719023
21.648120715334
26.6838809245617
30.0452205297204
31.3512605845064
31.3495004406098
31.3302822179954
32.0604624561558
33.2979526502901
34.1869983910921
34.0573934308029
32.7829880223554
30.2843796006175
26.0929571901529
20.0907078791827
13.5059557528654
8.1977449738832
4.61615400518952
1.08604200824308
-4.57169844760846
-13.0836692133879
-23.4163064500345
-33.8077943462786
-42.8246130763591
-49.8137301575726
-54.749643385641
-57.7950215068966
-59.0971342948815
-58.8742963812233
-57.3387210526533
-54.51164337097
-50.4102419527796
-45.3600224627061
-39.8215376883727
-33.9730021580376
-27.6524287634613
-20.5927660254044
-12.6963493621503
-4.36290343322869
3.46608055753005
9.94653540540129
15.0529683313591
19.4640475764793
23.8381533756878
28.2982534904107
32.3266023841446
35.0369955724681
35.8916797368047
35.2749613384529
34.1583481282374
33.3741818340055
33.5534751732756
35.386745341885
39.1221342180601
43.6214168604223
46.4603730441854
45.5228709997352
40.7121995871238
34.0769544013165
28.1889311932232
24.3697748711105
22.3622660791728
21.2602175884179
20.2797361234434
18.8200786890956
16.4855546858834
13.2600411634603
9.23003186552733
4.08706464581477
-2.60050342428903
-10.5697932911019
-18.7491174426831
-25.9701739863559
-31.5384815423998
-35.349912852086
-37.8253858387686
-39.5693313675505
-40.846893911103
-41.5022946997633
-41.3403437814814
-40.2896178250841
-38.2793916718914
-35.3076367535149
-31.5835121701883
-27.4039210136378
-23.0310552273749
-18.742286129885
-14.6643906345475
-10.4643992050494
-5.56243692033703
0.17698784015581
6.11813164956736
11.2707735300508
15.0384933309975
17.6855977104186
20.0529816323839
22.6393130544053
25.0172752772752
26.3440747396356
26.3123809946394
25.3198362267073
23.8190999127893
21.8446474617362
19.1830861205779
15.7764456454012
11.9269821851863
8.14679144502207
4.71038703381357
1.38577701368157
-2.26501288228093
-6.46922764624003
-11.2369285359037
-16.39079437629
-21.368233451804
-25.4449451544218
-28.4477808227787
-30.8250919742564
-32.8170090447233
-34.041817456569
-34.0706701935789
-32.9283924477129
-30.8539327016821
-27.9261816883119
-24.0543553798056
-19.1846258444304
-13.5481130376972
-7.71338493148253
-2.19067807033055
2.99623624107353
8.15930057183688
13.55205651084
19.3397790370965
25.6135326555054
32.0705266921118
37.9373687535452
42.5344547774892
45.7820478275253
48.0193065576278
49.4756309425325
49.9166658087281
48.6351885528327
44.9596974617392
39.1305716129997
32.5540204667625
26.7521674066996
22.0042981243969
17.2526710564281
11.3740050876238
4.5115680034711
-1.76254627045468
-5.70096486758525
-6.98725629086431
-6.98740702052016
-7.31885137112239
-8.45934386377427
-9.81237500121834
-10.6116015582967
-10.5391871101712
-9.93428207117062
-9.69688774031609
-10.7827007598864
-13.6994554173652
-18.4539993072767
-24.5521438192166
-30.8227188062756
-35.7803977183897
-38.6254979363375
-39.6894025092483
-39.8079624468991
-39.5763435472426
-39.1677287347081
-38.4225643190327
-37.0233286328264
-34.8176992562604
-31.9563387678307
-28.5594996350436
-24.3000421761941
-18.4451660386317
-10.3883607359883
-0.253099017178644
10.9685231982921
21.9186897254196
31.4108411183769
38.3177641885241
41.3777674575203
40.0282545126994
35.5591534595751
30.5347754378072
26.634519040827
23.6520784791338
20.778459431451
17.9831851480943
15.6492241816086
13.5124230202733
10.640081105518
6.37328140550034
0.970776057495415
-4.74443614995868
-10.1839678178982
-15.1420626852745
-19.2075683167596
-21.6626908723317
-22.3783545820562
-22.3647357677075
-22.8728534565818
-24.0212891013821
-24.5359990230932
-22.8136804396895
-18.3359297730886
-12.2474029671682
-6.46199264224443
-2.07089508592948
1.31075137809436
4.83805931921811
9.46956338151059
15.4351214395133
21.9623961231243
27.4759010442349
30.6045947200443
31.1818051840161
30.11911296176
28.5363755823975
27.3345541594227
27.1959184663021
28.2145116042013
29.4769916722666
29.6026192012959
27.9568829771762
25.1359154830902
22.1568743305219
19.2584513414371
15.6117799348837
10.3367917160815
3.74296279342123
-2.69620496833171
-7.57095861252159
-10.4599448494019
-11.8604176082063
-12.7894117154259
-14.3770540647105
-17.1962251968421
-20.8065368589688
-24.1969180873026
-26.5726398054048
-27.5970795521013
-27.3586697634597
-26.5239053211416
-26.1582804527964
-26.9023276334327
-28.3529036204891
-29.3896001929584
-29.0418890532076
-27.0728882993785
-23.8780807964765
-19.8971413001985
-15.2535871964423
-10.1238366066156
-5.25337011113247
-1.62929142652731
0.481466771965995
1.84133515976866
3.42377898841119
5.49628108194164
7.65792848884059
9.65478849160776
11.9853715788814
15.5205492025147
20.3556653244072
25.1953106931594
28.2304040588127
28.6057011993878
26.8453724767311
24.16894728922
21.7966261203369
20.5598311429968
20.5639712813156
21.2573274135641
22.0625363592319
22.627188340669
22.1306258754621
18.7917357081689
10.8987469231643
-1.26899089465731
-14.7669943902754
-25.7529706593031
-32.2741468297445
-35.2405182005479
-36.641194448602
-37.3051894590238
-36.7850668832093
-34.908061753871
-32.5965291646471
-31.0007517633683
-30.1879135548407
-28.9191755881499
-25.7635168590887
-20.4384294529483
-14.0183289146752
-7.90067865618144
-2.81384411831486
1.16231745324939
4.06613484733553
5.89911642170357
6.78814439893212
7.04307816651164
7.23250727153958
8.32339394029898
11.3767697142969
16.7679641031565
23.7642307358277
30.9090825702954
36.7717481686007
40.5902078258425
42.5506214061998
43.4174091714593
43.7405474054328
43.4523961228212
42.1258047740226
39.4069415638254
35.3551607847692
30.5882632090823
25.8170801242047
21.0083094725101
15.3992735352086
8.56977473319744
1.04773136217959
-6.33194162002846
-13.1648377020301
-19.4033665299593
-25.0276314016926
-29.9843480678346
-34.16944481794
-37.424966488701
-39.7699025341169
-41.6239074363297
-43.6198887259098
-46.065410823081
-48.4587072726759
-49.5301231158756
-48.0383990810532
-43.7315152803255
-37.3787476132446
-29.8340515774042
-21.4466528044465
-12.4636058234153
-3.4140131683941
5.22289192644261
13.2660950328118
20.5111160488438
26.6098945111131
31.4180017687026
35.0306513239168
37.4199462405498
38.3940728872799
37.8002376955781
35.4088513427841
30.8538292058037
24.2004131669248
16.5269848956191
9.60018545149487
4.8605143095897
2.65318738942778
2.23969929432813
2.45501782473722
2.45775666700595
2.09720696276366
1.89405529870277
2.71859405739837
5.091913698377
8.62326173539955
12.4196615935426
15.8699716416759
18.272432611127
17.8280275573391
12.3179285934543
1.47041804832156
-12.0121467170118
-24.3140906657958
-33.0398212958478
-37.8988472165488
-39.8387882347587
-40.1499836910485
-39.8750222870496
-39.2461714587501
-37.5299668881014
-33.6957481176035
-27.4478385947654
-19.6871612324508
-11.9253310393472
-5.18551290812531
0.44773966117712
5.22698624660213
8.99549049798521
11.1110419506174
10.8129355056571
7.72124984428422
2.4839497220852
-2.99957643654825
-6.463265046899
-6.54550089919108
-3.10556536583937
3.31407139645845
11.8053885333829
21.0199151339519
29.2717122096719
34.9794851198512
37.2913237364059
36.5889762269887
34.1910344862251
31.1850897019957
27.7377946621084
23.8286944978427
20.2323924636413
18.2054642045808
18.2739833523752
19.60036098761
20.4797816639076
19.4093082705861
15.9077472481743
10.5301544762046
4.24064608705544
-2.05038532594509
-7.45405628598004
-11.193806241979
-13.1014803796961
-13.7876960198172
-14.1607217535539
-15.0443221302015
-17.1747813450884
-20.8884231180543
-25.5216578043427
-29.5362222611175
-31.5224751278244
-30.9828216613463
-28.202347982381
-23.6914651302821
-18.0638363806439
-12.5731165713945
-9.33948176504728
-10.0423337134271
-13.8957509993294
-17.6542241757054
-18.4136344966034
-16.1470272952455
-13.1228211976738
-11.3621713621131
-11.1219255330744
-11.3389087904686
-10.9088278099969
-9.5584683556278
-7.70156816120251
-5.56967566910205
-2.74295794436904
1.3401827892899
6.69617198284955
12.735966861451
18.5326798687264
23.0604856731151
25.7204498378057
27.0166638269691
28.4279031170326
31.3012985711864
35.9000465717978
41.2973545242339
45.6307587890458
46.466629588156
41.7113506810679
30.9220092934253
15.9942615813707
0.459766232314583
-12.3267765901434
-20.8014151739903
-25.2546061343425
-26.6270769726673
-25.7604346483502
-23.6544356855671
-21.3952120303571
-19.2410491664822
-16.3113070047411
-11.7088356838249
-5.79566723157669
-0.162587127696008
3.62412956023534
5.3238431757453
6.11230082188168
7.2205011501818
8.66321612485132
9.75310359786478
10.6139758639208
12.3432953769238
15.4717302906286
18.8057441238764
20.0945269557968
17.7359294244652
11.9054840960443
4.28387184153384
-3.20805307454689
-9.48126794164012
-14.3601072577956
-18.0597000192328
-20.8742706505495
-23.1630250490089
-25.256482081411
-27.2990902725862
-29.1894917829465
-30.470266334678
-30.2862579394091
-27.9068181898886
-23.5426159443177
-18.3931953470877
-13.705991605431
-9.86261546438593
-6.29783701385838
-2.13799079946589
3.00069579128798
8.72703576438805
14.3664519624027
19.5240251726789
24.000356003205
27.5544266567243
30.1621297600774
32.1739780354932
33.7908347542753
34.6967719739028
34.5826057823661
33.6432436022192
32.0030380593401
28.7456845367129
22.0851537826475
11.0427217633996
-2.87868406079164
-16.1082259369509
-25.6232200934285
-31.075965496735
-34.0741014096115
-35.8694912634658
-36.4686846616538
-35.6691541562757
-33.9540640718267
-32.0951475586297
-30.3880102363245
-28.5088305502974
-25.8976327250332
-22.2492974528898
-17.8013017301517
-13.1318170917024
-8.6666981782584
-4.50071406200191
-0.535188517709511
3.50707597723113
7.96878714273287
12.7632331204394
17.2683659440364
21.1400959446763
24.8953773654945
29.1657121479457
33.5672563890009
36.7553944346934
37.5711273486822
35.9324417720071
32.6390029415325
28.4664720256049
23.6303053208484
18.1979770816649
12.6963825293423
7.92738858761038
4.3927278670347
2.262337352306
1.54519791590355
1.73368445715793
1.58574795185463
-0.0334997010541499
-3.02968946593066
-6.11771998862571
-7.96357605522612
-8.12499456689968
-7.00565424906332
-5.24109373949404
-3.39469946795002
-2.19238399616903
-2.57612821185071
-5.01132191880212
-8.7791379263211
-12.4111308380043
-14.9331705361649
-16.3586388468483
-16.989267250089
-16.769353149891
-15.5226057193755
-13.3974793850434
-10.7537838213067
-7.73314685026251
-4.17064753383338
-0.114740166996058
3.50495000092275
5.0803547064527
3.68918714803473
0.208748298924942
-3.27287108119173
-5.03974939454317
-4.5483177868418
-2.12961256634733
1.50395627240226
5.5336809143692
9.11936149415897
11.2746140797241
10.9959409799065
8.07510437256203
3.6919435500128
-0.345143521138567
-2.99161728182671
-4.43134155564445
-5.52858299903526
-7.17351557196666
-9.77508999715832
-12.8528310309311
-15.1229762237675
-15.2061034839876
-12.4163401227459
-7.23537148816034
-1.41005643000532
2.62337772208629
3.03743105244585
-0.37572080918062
-6.47675293289562
-13.7867390371724
-20.9935248836554
-26.8088425261132
-29.8778233941343
-29.0981690725135
-24.2249127631717
-16.3474747650077
-7.62525718230054
-0.222957471790828
4.7061761150891
7.30976874626923
8.72460169071807
10.3645224605934
12.9747183759821
16.1866559204944
19.1065156594492
21.1912913840424
22.4290930152525
23.0209460913205
23.2214929146604
23.3841406035903
24.031984742217
25.8013392930005
28.9154383891932
32.4702844157951
34.7088853651513
34.4418185656944
31.9749826884035
28.5328277099929
25.2248625312133
22.6702563356067
20.9893616088719
19.7284452711349
18.0257163611924
15.1244597519395
10.7755862718965
5.33623798907232
-0.309453199656228
-5.13337342740068
-8.60399926953696
-10.9327905974255
-12.6411922956189
-14.0886654297609
-15.3998037635989
-16.494028253513
-17.13408912319
-17.2474719844517
-17.2696756954187
-18.0109448289034
-20.116700543903
-23.5818161758149
-27.7579785637608
-32.0666200297851
-36.775254230781
-42.6544273730513
-49.7045412238363
-56.6878791872536
-62.0447499165468
-64.7366690604014
-64.1962349906372
-60.3104009699023
-53.8003011370936
-46.000010840421
-37.8521792195243
-29.3372599754686
-19.9449172347802
-9.46717764866829
1.67504338974688
12.7537397384496
23.4099614196143
33.9339198037267
44.623810482677
54.965679153005
63.9278298515907
71.2055230457714
77.7264285762771
84.5267029796727
91.2160519614719
95.8731497490349
96.7075123160012
93.8730717737556
89.374770770763
84.9173857164367
80.0372631079135
72.5556517617793
60.4404213300931
42.9062349488115
20.4611562001421
-5.11417715170503
-30.93313229144
-53.9262622166543
-71.9600838769226
-84.1797261446049
-90.6887272977494
-92.2366203610159
-90.0798404249756
-85.8211976859138
-81.0435655057421
-76.6917764237621
-72.6467353650177
-68.1160746736198
-62.5627774938303
-56.1597777287719
-49.4624825296355
-42.8720142531559
-36.2663014198175
-28.853221587373
-19.4983469957265
-7.63262659506154
5.83165179720402
18.5041331002616
27.915581724245
33.5127622456854
37.2341769048138
41.5147148275167
46.557047483341
50.0533773688626
49.6958820130761
45.3650406762983
38.7239950104532
31.4914676192576
24.599424425475
18.3911059428963
12.9123841926899
8.06961391698617
3.79614393879596
0.148230439144536
-2.633902588668
-4.12168476978229
-4.0082721152732
-2.45845245059847
0.121924549475994
3.46022177691827
7.02231004282644
9.52133980261952
9.67306202421829
7.43663542505291
3.83810745066794
-0.29189187317291
-4.65554429759435
-8.67479368886256
-11.1707873801904
-11.1435907780511
-8.57665458252443
-4.37915871937392
0.249295728354562
4.26078967728568
6.81070968049523
7.54561648772789
7.36738373457623
8.47430632527874
12.5929865102662
18.7997332835321
23.7095792222005
24.401244358778
21.1289732524242
17.1065006182998
15.900903984617
18.9709269845085
24.9729862021048
30.7583144193702
33.2243723441046
31.0825172400101
25.6152217004503
19.6990650858168
15.2967754223604
11.3461035933323
4.5310281621201
-7.29782584400224
-22.7621352306866
-38.3885349618296
-51.7553889106785
-62.364342313196
-69.8392983417828
-72.6792656617472
-69.5361537940827
-61.1888551565365
-50.4093351392457
-39.8834786511068
-30.9518797984963
-24.3139568706642
-20.571832327329
-19.1298598525473
-17.5411551322038
-13.4034248416469
-6.85865239695043
-0.421831644167995
3.56027642092044
4.70444044245545
4.03528782380293
2.36254205410165
-0.34553288108003
-4.0275515752306
-7.43318786924986
-8.49754956398311
-5.88449467676597
0.0699037323652967
7.75814715460764
15.2472899463666
21.1673380083465
25.4326673898383
29.0397665353533
32.4638498182368
34.2938711031856
32.2294763543964
25.6761705300838
16.9276842169785
9.62417042467534
6.25552055973923
7.13955650425956
11.4363323775326
18.5364696931174
27.8061472233631
37.0697604152433
42.6089255932199
41.8133316548725
35.616401863708
27.6524219317901
21.2326012356828
17.504321557115
15.8493134902693
14.9556273818053
13.3358435131448
9.63980299292971
3.42208447912784
-4.07874623456599
-10.4463049888485
-14.0835199763193
-15.8091829374294
-18.2105266750205
-23.4127194370848
-31.4041574319976
-40.0065226159164
-46.2277411083895
-48.2513918076834
-46.7576629354604
-44.2232949962258
-42.641723435534
-41.9440007366219
-40.4632149284847
-36.3933348457693
-28.7958111145901
-17.9974032309889
-5.55970674613962
6.39045946242101
16.2083365366035
23.3929135851425
28.6101507669823
33.224629340871
38.3334766628694
43.757508702701
48.0522960017578
49.7244771796036
48.3767984574376
44.6842698057676
39.5538107659002
33.5280733283811
26.9905809961423
20.8055471229802
16.4060555306177
14.7731442322332
15.1004502665389
14.5783466119091
9.81690071051274
-0.87797852624138
-15.9223375093902
-31.0948579077986
-42.315053979349
-48.0558938264283
-49.0953487525835
-46.6669433378976
-41.8059173625
-36.2025230404252
-32.3202837754374
-31.877426597847
-34.5069722266369
-38.2413335621421
-41.1308054341074
-42.3430573128788
-42.1080027560801
-40.9475669635345
-38.9633661477428
-35.7702277199291
-30.9387930299943
-24.2041498548272
-15.1577798405926
-3.06280367058173
12.4916545195015
30.2914261158093
46.8757949173115
58.0234384258275
61.8037957318258
60.2387797418664
57.4811756135819
56.3682908184623
56.9669280172367
57.8408302366873
57.6289403169631
55.208255727355
49.2779700452857
38.8764645484093
24.7692316236479
10.0250670231932
-1.54069537421283
-8.00921012964132
-10.4347108002319
-11.3347049675815
-12.4963383316373
-14.3365295507909
-16.7872674661889
-20.0459093849168
-24.1577236483908
-28.1343000085085
-30.1625497839416
-29.2484759428231
-26.5060586667348
-24.2040921334713
-23.3929220029652
-22.95237495242
-21.1701722884694
-17.8378892727761
-14.6006891181594
-13.5414263507385
-15.3943668624385
-18.7352372820985
-20.9573680631149
-20.3932508841137
-17.3967510870012
-13.2569351348132
-8.62983215632405
-3.48543198864034
1.94335666011829
6.92415080844011
10.9757280988308
14.5020529675693
18.4562726911851
23.2988293005415
28.441162608694
32.9741937936611
36.7478175398327
40.2637810705959
43.6567486903544
46.3551234234534
47.6828986345893
47.2591675066958
44.8237786004619
40.1651793767623
33.4069457077501
25.2331172476379
16.7153943171299
8.72513961385518
1.27505719408407
-6.49550532559315
-15.3691863712247
-24.9507114896132
-33.617542274212
-39.6393740227855
-42.4093720074011
-42.7549541369121
-42.123494149134
-41.2949795477265
-39.8019195422474
-36.7402077873425
-32.1464288333085
-27.4265146169116
-24.4649437309699
-24.3412815535254
-26.5884762516318
-29.3822550201468
-30.5886057548345
-28.9640268589353
-24.5870363575868
-18.4061414172918
-11.5562806555938
-4.89123827154771
1.19740439801716
6.60643577805097
11.1554104262654
14.48098389373
16.2501674671204
16.3332345538762
14.9308332957131
12.8283924726239
11.3737228978458
11.7661116076133
14.2014147960524
17.7293526550386
20.8885980967638
22.5816283225855
22.6358536483163
21.6778019383206
20.5069486190933
19.6989700307615
19.6739291323941
20.603559849697
21.9394251310088
22.4010383424121
20.8960258282107
17.3828586218344
12.5870336990215
7.06588729448638
0.930257034363571
-5.53725178898575
-11.3423746927378
-15.1520001466577
-16.3392113252994
-15.5931719288647
-14.3276648055862
-13.572472971514
-13.6267603937609
-14.4234741096819
-15.5921567354934
-16.3049373747234
-15.7472839813839
-13.7879148968326
-10.7838364789723
-6.93113977730233
-2.28829288769086
2.76677661547203
7.60259218831968
11.8363717799373
15.5179326365514
18.7570282909046
21.1661087563265
21.8221256659477
20.1577116318208
16.9244948102223
13.8957509180275
12.6275770872511
13.8072201265157
17.3615038032622
22.2532195665261
26.1295245740108
26.1482061468687
20.9071799869888
11.6377495363015
1.43937124945707
-6.75114908888503
-11.8414577104754
-14.698537402501
-16.7528183608075
-18.63305454668
-20.2358856938122
-21.5578844425803
-22.7509332007103
-23.6475515502519
-24.0038068846045
-24.0427292336037
-24.0207123512899
-23.4086897407017
-21.3331749855444
-17.9569005132018
-14.7637123225398
-13.0909331562488
-12.6558096334974
-11.9649744926887
-10.231278908341
-8.43395439720528
-8.05788827307277
-9.10145947013007
-10.0364083823855
-9.70210945612098
-8.52036493204907
-7.6403984535847
-7.4233551958557
-7.10828290754374
-5.76660053953099
-3.30634726995845
-0.480818121855359
1.9317542355476
3.77468626066028
5.49403871410073
7.81210191724017
11.2747617849377
15.5479300742678
19.071800396297
19.9967626292758
17.8078648498675
13.8012450224382
9.94627237207164
7.64032656666643
7.38275513965336
8.81624739725352
10.7507957873783
11.6942942730331
10.9047989251136
9.05865152573032
7.89555838444924
9.04352571185681
12.8670033102909
18.3754339435852
24.1929314167612
29.1354221438327
31.7048943221784
30.0444486851617
23.4596940028686
13.7068212242324
3.94277402789045
-3.64465464891944
-8.91115453851905
-12.8484084671185
-16.097300548618
-18.2924131030302
-18.6170088570541
-16.8904118495228
-13.9954498403928
-11.2480462727859
-9.56681235079069
-9.24048005557974
-10.1268749832101
-11.8675785616627
-14.0337111558508
-16.1636833388173
-17.6987499202007
-18.0738430447112
-17.0295781926097
-14.7155643467377
-11.3991502322892
-7.31519251950035
-2.95015542441505
0.893719989713391
3.74131165685293
6.0710243393212
8.95675105995891
12.9351898207068
17.3036007521972
20.6758839513029
22.1976230551687
21.9423540774305
20.1632758702759
16.8883149698753
12.7050426368022
9.21801429933753
7.82908412008643
8.26378495920226
8.88349923485692
8.29916867633818
6.39706576776824
4.11259191643797
2.45652827659761
1.55803500679002
0.73219100601135
-0.265685880302084
-0.529751239099895
0.815882124715027
3.08128341352185
4.29735551332407
2.77688056946416
-1.98626834430933
-9.37213223034463
-17.8829492214268
-25.6497521492488
-31.3475135541006
-34.6632096100967
-35.771857604579
-34.7646003931791
-32.0142824029851
-28.8350144971325
-27.0624508464433
-27.5515272585026
-29.2799697514989
-30.370168385475
-29.9156671183186
-28.2024533404979
-25.202568379704
-20.0400206410913
-12.6321494913719
-4.88791257967115
0.806272370311044
3.88487311540655
5.64298532307317
7.48791458142537
10.0907931198716
14.0938423528091
20.5449235399918
29.8024143136382
40.0886045568072
47.9134493481852
50.6778049272883
48.9012747686463
45.5335290671316
43.0915304715612
41.6735953467966
39.5068153095184
34.9587335915259
27.98696709052
19.9512202656265
12.3036919268406
5.64049826561192
-0.0666910681209129
-4.76254883133156
-8.1372446516935
-9.97138842542206
-10.4246866981998
-10.0729002987326
-9.67714019314686
-9.63518448337166
-9.56565888021054
-8.73727742402983
-7.03446552438231
-5.21959791633539
-4.15558437343786
-4.03601276295561
-4.40508530974842
-4.68381130718656
-4.67619387435661
-4.66937964615304
-4.90405091675965
-4.9753344272769
-4.1328967923808
-2.21043378518174
0.145646182945128
2.17264595968678
3.48999380892768
3.94098584990796
3.44060369779214
2.14708264550604
0.539603898905579
-0.88971933544107
-2.15657015408806
-3.96684454825066
-6.98774533340194
-10.7055363462796
-13.4691851377831
-14.124347940281
-13.3198939857415
-12.8281389499466
-13.7960540600397
-15.8947276026628
-17.9251901175131
-19.0118783906244
-19.3013084428947
-19.5695923536706
-20.1077272049063
-20.1564892176478
-18.6612283353976
-15.4191383022093
-11.1573866007235
-6.59900089925637
-1.83568879334355
3.3733965456459
8.960813876822
14.2535581829124
18.2309833254463
20.2129499837093
20.4995229399844
20.302315250087
20.7679610646639
21.8080010985301
21.994271534487
19.9740955235011
15.9540566689334
11.3014094222142
6.73053743104928
1.67852306392692
-4.30075535150242
-10.3603328875855
-15.044838998999
-17.5583077231437
-18.0001023931481
-16.9263862162988
-15.0891352472528
-13.2564176716509
-11.9540721071935
-11.3157677157593
-10.91490951025
-9.58621314567042
-5.91057219333288
0.552332897927818
8.5719299426748
16.0740149966502
21.6603470650625
25.2837231907718
27.6526812948604
29.218944845921
29.8005883579644
29.1047000176769
27.3771443554184
25.2578968945347
23.0536944681114
20.4795953514882
17.1232280904661
12.9091300725088
8.21604479467454
3.74907139067519
-0.0399841480305157
-3.70027936386846
-8.45001065264487
-14.6354293498945
-20.9729198309713
-25.808194536646
-28.7432671277128
-30.550166342913
-31.7752735417106
-31.9593930942207
-30.3061142736417
-26.8476879707661
-22.6190448455096
-18.4931171728953
-14.0740129621143
-8.19531763285901
-0.590456383620414
7.23712649620902
12.9827196656683
15.3803566654875
15.1551549742803
14.22160507119
13.9615145713434
14.3503307550561
14.6099087672977
14.1946714516654
12.9146484010921
10.6399647853618
7.47578712136862
4.04822183924183
1.12343191736204
-1.03818341644353
-2.696655034504
-4.20595544937816
-5.894464453218
-8.1222270347408
-10.9739138272647
-13.8785195253394
-15.8471080928101
-16.2304000663744
-15.1102037464607
-12.7216793809899
-8.60747500364849
-2.02911306435647
6.3892703115308
14.184520731911
19.0505009439454
20.8129840056792
20.6912603905584
19.3389709414934
16.6896835513071
13.1815640913703
9.81857505422044
6.88882268203614
3.35059675109436
-2.18690339463437
-9.87687518754144
-17.98357268313
-23.9694640221283
-26.4076356880046
-25.6681766904305
-22.7917337201697
-18.3160042036482
-12.4509712766849
-5.73685696697909
1.0019801054421
6.96061360565385
11.173321136771
12.4930683306736
10.504847723244
6.44539594601231
2.60363272500374
0.475777801793277
-0.379004495458641
-1.5444424160988
-3.89401544284451
-6.68922880122038
-8.54445452648971
-8.95641995561195
-8.4615465474683
-7.3922298150263
-5.09240147524836
-0.741530102212936
5.31983871790256
11.6127443444598
16.9166399071588
21.0532642314739
23.9338123504028
24.5817669326564
22.1079365805686
17.3730743175867
12.6033665180673
9.31355659951703
7.44075353408482
6.39521074085681
5.88389009333554
5.5049714425266
4.43824203245838
2.00798101350152
-1.71600278447868
-5.9088607511205
-9.37650243488979
-11.1635527411902
-11.1468671988572
-10.051928069927
-8.78872429948779
-7.75538664999678
-6.64837736791038
-4.78979395942696
-1.77846783280989
1.94154188179633
5.20538713250395
6.99854550352135
7.21833778754613
6.58540517873344
5.95453534906451
5.69761678184979
5.53249884806791
4.894374008173
3.52832024414814
1.55857026342395
-1.07051001484429
-4.80813427595632
-9.86880790316593
-15.6788091193558
-21.2056513732327
-25.6702996886469
-28.8635825279605
-30.9810942437504
-32.1991350086013
-32.3210873860214
-30.9592496088048
-28.100336203913
-24.1693767780146
-19.4037732512183
-13.4961813373077
-6.0342940326801
2.86947598455743
12.3287462535514
20.8235149161708
26.7517948525442
29.2829983503911
28.8792800609218
26.9846747432388
25.143604912426
24.1770041526227
23.9047428950999
23.5802018479496
22.6499136753036
21.1079929094897
19.2304409403718
17.232108361802
15.2402538307273
13.3208789718876
11.3615857197053
9.08789008214585
6.2876022423961
2.94255703805302
-0.765982233499128
-4.46343827816777
-7.7812525031987
-10.6494311678613
-13.1415234692126
-15.0687340709959
-16.1910694435865
-16.8115471571524
-17.5573216090333
-18.4310098027806
-18.5670293079975
-17.1433395772144
-14.354224867701
-11.4808321780133
-10.0348170893748
-10.5445941042753
-11.9984508932885
-12.6593311926277
-11.4767200120475
-8.5872020250204
-4.69215990067312
-0.31943663431004
4.44259526717851
9.73834988655104
15.3260946560553
20.1628119188952
23.054661965635
23.8300145648051
23.4189058905667
22.6986358282337
21.7720953117516
20.4689672973243
18.9181814640558
17.2549668441889
15.1384100359372
11.9686091061475
7.56573568213654
2.51739718812833
-2.19307394924727
-5.96972032746186
-9.00388733080329
-11.8452194267658
-14.6947435718367
-17.1910698337016
-18.6913103394488
-18.7002926029331
-17.3215240979288
-15.4232180104016
-14.1294399757996
-14.0148272748338
-14.8717935685927
-16.202141893274
-17.728156089568
-19.2638311555388
-20.0710120712588
-18.7610010544155
-14.6082197473073
-9.06482570294017
-4.99559595337232
-3.7647039428489
-3.71923041661942
-2.16960386274573
1.6458121804762
6.06182960954708
8.90360801747198
9.34665992565053
8.22697682797358
7.12971165727422
7.33494138197238
9.40275926715615
13.2080153118483
17.7931871681845
21.4076958724135
22.6707038968378
22.0622903194086
21.5232333621033
22.1059502677217
22.5897633305534
20.8310220655827
16.0166828663933
9.32523057620279
2.85937075160095
-1.81071238595395
-4.45151031560654
-5.89395389426846
-7.04894702972155
-8.22410471561284
-9.18901170120534
-9.47789314051494
-8.60690028848027
-6.37151799200879
-3.06140548102062
0.673057857204744
4.02078718088605
6.10999773728184
6.38163758397705
5.10498470294815
3.23950503200454
1.65281538991269
0.677690283503617
0.346181659427615
0.626469655272383
1.28311267955626
1.73250757141629
1.22613208011977
-0.779183129333469
-4.40716553914888
-9.44602208768525
-15.4726306213299
-21.7279509775492
-27.0224730988057
-30.2159723399525
-31.0503396557847
-30.3400138886582
-29.1135897593129
-27.5484848480236
-24.6711991037546
-18.9452798593633
-9.43176692907354
3.02250185931899
15.6926957371838
25.5912835200009
31.37638214512
33.5430415435433
33.0774553899048
30.4484754043429
25.741837499199
19.2044114291504
11.509403426616
3.62472588438806
-3.60705304370554
-9.79214889305706
-14.8502932817054
-18.659611210662
-20.9253723178446
-21.2754286021156
-19.428035962019
-15.3844509828188
-9.46697462131791
-2.16848199780439
5.81729949133752
13.3680482525612
19.101362987117
22.0538178729019
22.2128226247504
20.537453594576
18.6092673424515
17.904883214802
18.8643026673965
20.5779353378595
21.5583592343749
20.8290113332763
18.3451356127637
14.735880133339
10.8270670411747
7.09894152006743
3.33049727176781
-1.08777959477835
-6.37447630174294
-11.9994326035842
-17.0757110212362
-21.0246451315924
-24.0329223184856
-26.9269793805287
-30.2802159313487
-33.5074432422891
-35.0972877951724
-33.7774676998492
-29.3056309329213
-22.461019048929
-14.7521616209688
-7.83775963762204
-2.51018335472937
1.8378843879834
6.31241642164187
10.9989678360344
14.6229550212058
15.8297533760833
14.6122230458349
12.2726087237478
10.096309152929
8.49697551170408
7.55857669003967
7.72261862906916
9.31081463087511
11.7426944588565
13.8829144411168
15.0237840411685
15.110510460608
14.2400711776664
12.4009081442748
9.62461298472864
6.12227997144889
2.35366786570369
-0.970399955073528
-3.25057502029567
-4.52132419775575
-5.3578766657955
-6.17854292334763
-6.88190492089552
-7.12524484681204
-6.65872202352159
-5.50825016171632
-4.16762346749607
-3.46401079710876
-3.89246794345681
-5.1382900980055
-6.39875547963892
-7.07508465684109
-7.17108144270985
-7.20711775970589
-7.66209279510052
-8.29847130012582
-8.16673378623058
-6.43747724494812
-3.09180683528978
1.17395190895425
5.35545821165949
8.46030201849232
9.94565876164315
10.0975824278099
9.79038195461832
9.74930686576216
9.99020869821315
9.75317604628765
7.91412105244854
3.75416633968894
-2.43661464136635
-9.53329788988294
-16.3372018639353
-22.0997610725582
-26.4654409364933
-29.2342302057647
-30.2757068769041
-29.4730411679513
-26.6144237123073
-21.4661568380766
-14.1646522761555
-5.57587508437406
2.96182061555706
10.5027461752684
16.9950047748329
22.6786396924678
27.2516237745875
30.1438210325774
31.416727268529
31.6976957581515
31.2312280132684
29.6504813651629
26.817535820879
23.4448303076509
20.7696673093902
19.739308323741
20.2473573442134
20.8978249103956
19.8158891874754
16.070868887796
10.311654956667
4.05330084805835
-1.47442935913839
-5.95706054365507
-9.92686294281926
-14.1899152652479
-19.1425149423745
-24.4586444726681
-29.2460031468143
-32.4687106319744
-33.5100888401285
-32.5390804047862
-30.1820337983476
-26.7905118758547
-22.3054023571265
-16.8606288819434
-11.1026636424848
-5.76747333195191
-1.27189828237521
2.26761778849706
5.06611347471138
7.67459860708874
10.3641295427455
12.5424977322616
13.4107454857265
13.0877565610428
12.3253829083949
11.1227284304915
8.3941046864573
3.28513236706876
-3.48183247542657
-9.67084451787103
-12.9434034573633
-12.5176387119227
-9.70747953258704
-6.82515343545327
-5.47997117837721
-5.70880621030635
-6.30937223358825
-5.8904807834599
-3.95137105220983
-1.21849923489249
0.949955892737632
1.30993110750723
-0.843663131365942
-5.13032168253771
-9.64680268121782
-11.8225004793811
-10.3648886928218
-6.22906812527165
-1.52212707128048
2.31409487453137
5.2816272885427
8.29963919110272
12.1695079672039
16.866783624744
21.6259256279999
25.5768479308939
28.137601590417
28.9148328526247
27.7195091167406
24.871141761849
21.1208824463367
17.0650513852743
12.8378703110938
8.43308283192841
4.15048145214807
0.707851714298095
-1.11506416980588
-1.17467737589535
-0.306965400957198
0.312807920112751
0.141886777500081
-0.611765994892419
-1.63014560786261
-2.87754979043627
-4.47084286115557
-6.43362394825539
-8.5365223159965
-10.36617230049
-11.7272597935332
-12.9197728111382
-14.4371110241051
-16.4927978222504
-18.9005039436255
-21.1709460397364
-22.7335652866174
-23.3959673554182
-23.5171942847953
-23.3718224539422
-22.50490506623
-20.1399867810029
-16.0870877366544
-10.8556292503431
-5.0242248248285
1.0715242223842
7.06280597604454
12.3256839848707
16.2029484466622
18.4794461229197
19.6537831726037
20.5135368457482
21.1960193775783
20.895596748032
18.8029789753584
15.1048410589227
10.8270174932287
7.02824065244872
4.32443704944209
2.69303036967583
1.37756241429158
-0.707974587810289
-4.14689523612872
-8.48990919317158
-12.3097890557243
-13.7520062816144
-11.6934780811859
-6.93038757428237
-1.9283688706818
1.0592387722404
1.55291887284206
0.535753027867618
-0.94032540658631
-2.5529938685776
-4.39656060589696
-6.28741673021293
-7.61006446537835
-7.86483812161294
-7.17018304615918
-6.06096806234962
-4.88383252166964
-3.50758237438276
-1.57091814886133
1.03225346882953
3.92161134445653
6.63823913101871
9.36066087136682
12.8405843247632
17.2122543224311
21.1460942617977
22.7857072430605
21.4661509304461
18.0985590920191
14.1449094552461
10.7629919189361
8.60114282189761
7.61789219519738
7.04421929519941
5.96269582125355
4.00456229744127
1.43375822613686
-1.22936891345047
-3.58438884817615
-5.58136368314139
-7.49099947400047
-9.62043329046451
-12.0761175395636
-14.6349237925466
-16.6151329545507
-17.1740652607675
-16.2219896425787
-14.8009915071368
-13.9964733316519
-13.62934328615
-12.5039587706784
-9.80654973394355
-5.87692125773221
-1.73499945258591
1.78888999317552
4.36153663906862
5.71249096139487
5.1826328942187
2.13708336840558
-3.04066626848246
-8.76123330874842
-13.3779906303422
-16.3490231358954
-18.0291457892673
-18.5616795260907
-17.3601453369172
-13.671714954846
-7.42195318661038
0.539242562294814
8.84149763194766
16.0174065588837
20.6558556889549
21.8696793784502
20.2416470125181
17.9058376149375
16.8428476480742
17.0884360575809
17.1554802826805
16.06320119889
14.3619954876966
13.242457943644
13.1423953767741
13.2794573795101
12.3587731172652
9.77037552930707
6.05464174741158
2.11196074507404
-1.68289791477854
-5.26436677979546
-8.26599343546163
-10.212370736136
-11.0675590526074
-11.1343560013491
-10.5613846003528
-9.23426583904616
-7.05465745083123
-4.20935011600807
-1.263356189655
0.949994000057173
1.56353019414704
-0.116257351788232
-4.33814889970416
-10.4654911549839
-16.8684373861865
-21.7304907351787
-24.1908775758377
-24.5682983082311
-23.5442668105715
-21.3678680338253
-17.7281405231238
-12.1652249042967
-4.79383946881405
3.16924062653778
9.8178037607087
13.7521567120992
15.0038679335204
15.0918919537572
16.2015132671573
19.6037442943548
24.4000452832781
28.2836709859984
29.8098953325493
29.332169716132
27.6216938222009
24.5777923283098
19.8139529299046
13.7923299557012
7.78326419294465
2.93507370852748
-0.442232221345534
-2.91520659084386
-5.37548360764305
-8.34856998806652
-11.7256631629183
-14.9591246199275
-17.3493215880391
-18.3189700708518
-17.7144080155591
-15.8732854114981
-13.2699303223648
-10.0948903841408
-6.29318883561663
-2.10626628964376
1.41807739267875
2.64858201956884
0.47925650796472
-4.61427247366486
-10.8477993840299
-16.5595375097143
-21.1071497041608
-24.3995812775278
-26.1525990480966
-25.8465382985686
-22.9910174211532
-17.3435883554624
-9.3515138654407
-0.439055528588212
7.571473950382
13.3479216953348
16.2222590427394
16.0300136368893
13.4310634486374
10.1297145846116
8.10497365739847
8.42620953488915
10.7941408743099
13.9934832541189
16.7631263317161
18.5068231640719
19.2988052615343
19.2811131955397
18.3008032448628
16.1340603396209
12.7363839706366
8.25678969295319
3.12264057109817
-1.92044575468651
-6.16720518708203
-9.30951812896719
-11.2133846835976
-11.5759978058873
-10.2315701099772
-7.65796904145611
-4.69449544294523
-1.76774818435817
1.19394043301739
4.05194206501088
6.04938480761428
6.35172785127148
4.95004084945609
2.83849057181938
1.12263269633138
0.0691424323162562
-0.715249320994071
-1.4213662567099
-1.91468676996415
-2.33906605338627
-3.10872307868498
-4.11270367634781
-4.43693942335937
-3.1822288249737
-0.452008956193852
2.53828415808736
4.36268634217975
4.50677173684401
3.56461745736518
2.27559683568724
0.64050332938928
-1.78337912627444
-4.9670789341154
-8.04414129057409
-9.74223715052677
-9.20262812389388
-6.6846229980457
-3.50880577784203
-1.08541753743309
0.0358342553810779
0.161066334079815
-0.24551074739909
-1.13306715415892
-2.93046544913905
-6.07237252654954
-10.249938811473
-14.2290206739498
-16.7453463299077
-17.4653222024347
-16.7143842696923
-14.5697220148687
-10.8810467563666
-6.05516982555289
-1.10346711261646
3.2432489972445
7.07170871967202
10.8050972740283
14.3667364636977
16.9940279358466
18.0088707029207
17.6435432099207
16.671902315911
15.2279356272227
12.6664218168384
8.80673195605388
4.58629302796894
1.09958757982725
-1.39804393725136
-3.12367416244723
-3.86641275714557
-2.8782759716413
0.360050001505509
5.21158223694666
9.70566708409795
11.7481826941172
10.9346913188255
8.99826951633816
8.18462622646214
9.23662458842329
10.9860392276886
11.6545395639063
10.3852368313789
7.65389759046245
4.43714772690941
1.16466650611323
-2.4381182666207
-6.64838580917067
-11.2164801580207
-15.5765100892987
-19.3212699399801
-22.4022733941051
-24.9873826663333
-27.0145470241426
-27.7919298886133
-26.3756973724138
-22.6035266958089
-17.4577946038269
-12.1265221132059
-6.89500630667876
-1.16594387191377
5.47914047647357
12.2607472234531
17.252421988984
18.6391533904194
16.0830667416436
10.9286637295424
5.31994976275602
1.17289904978704
-0.621898274140854
-0.619640920052216
-0.221580025303889
-0.201532202244078
-0.0029554144467368
1.30859649108094
3.80939575711103
6.67980625326292
8.96459605145173
10.0730468412036
9.87146197330192
8.65154324237096
6.96933250470399
5.36749789614373
4.17208252473242
3.41127220939914
2.84155933086597
2.20436643726159
1.57248185064191
1.28385318130399
1.46604923020767
1.86359474117624
2.20098199194108
2.4379942821613
2.55705038305198
2.29263180600548
1.2038974744099
-0.924721268459617
-3.68618844753094
-6.22365306091126
-8.06404447892186
-9.62380470936972
-11.5479735628499
-13.6579455051444
-14.8699052517037
-14.1447942685233
-11.456674460676
-7.98075220566035
-5.29223707296144
-4.10367210375962
-3.78040966838908
-3.22419488202665
-2.05126054779569
-0.807532020065298
-0.34614267120706
-1.04863036228183
-2.25999485400988
-2.52739509030702
-0.86984858989318
2.29113261562767
5.91141555435404
9.69419310131898
13.9459326297539
18.2532743601031
21.1936897371744
21.6229912301892
19.7684562183245
16.8527507731383
13.9596316909696
11.4080232072674
9.00148181394761
6.64645739436655
4.57620146363076
2.96625416698578
1.62715945121281
0.30506059478539
-0.952750449507062
-1.95071702287216
-2.6355502940139
-3.11402627512699
-3.65040823762467
-4.67726184584279
-6.48824886052463
-8.88919045221079
-11.3616013823369
-13.4811527900343
-15.0604275915314
-16.1541970987237
-17.0961175315798
-18.2772151317732
-19.7711219837105
-21.3218530350034
-22.5434068411344
-22.8397862551841
-21.3599942946999
-17.5401576802203
-11.8484341923814
-5.85997548144839
-1.34465907788747
1.10919010222768
2.70645177488618
5.30606859497022
9.39770064523726
13.519137623879
15.918698381748
16.400586123036
16.1807460883732
16.3163831551729
16.7744243851141
16.8162708192867
15.8230674406508
13.7965314540384
11.3262368599391
9.08960139829272
7.38917403775506
6.21354403467906
5.51051399771813
5.18338232908285
5.03906301130414
4.96505286797554
5.00019725046559
5.13168920287435
5.20464959937247
5.08251874106864
4.78412465627519
4.50207128697511
4.49580601767599
4.78040476386192
4.93154129391143
4.41685070973121
3.03063039423639
0.80439366496176
-2.23104751084396
-5.86819114930135
-9.57061017507741
-12.8042757747987
-15.3344096650949
-17.0759441269501
-17.9213432642329
-17.8323301103574
-16.9409153013084
-15.5179419676376
-13.8072223579695
-11.6865164813766
-8.55846192012523
-4.01758600366509
1.27566204224592
5.82346790330141
8.5704874208173
9.64531801332306
9.82246626451358
9.6787599420499
9.29243817138022
8.32652081881586
6.34778511124557
3.33792135208225
-0.154429256593217
-3.47375139438436
-6.23719135138038
-8.21470183726155
-9.20597951120133
-9.15864179590222
-8.18887413635688
-6.52806566633903
-4.60356932619652
-2.93791019034279
-1.74657608960351
-0.825299958953526
0.0935721403618029
1.09859922426358
2.12092839166068
2.92304563598533
3.28448331930611
3.45851807888353
4.04130857720137
5.07707020596892
5.82064502456594
5.79460825896418
5.52701256517464
5.68128765413775
5.87188438118208
5.06035400131769
3.09198962952196
1.24082310318858
0.957131932014691
2.35614091331816
4.2169275593522
5.3060630835401
5.35559405878605
4.7802681101296
3.95628798985535
3.11479363931585
2.56688540942173
2.51008306900863
2.71145200221651
2.71536907300784
2.26228363795401
1.31892069512945
-0.118674387558894
-2.08751258406218
-4.58947321994755
-7.3828825310757
-9.76356346338557
-10.8738706809745
-10.4813129871908
-9.17581030656225
-7.64196912976787
-6.10523177660928
-4.57521426031898
-3.08031301870963
-1.39989042019835
0.996348067825892
4.34544152405392
7.96899362511518
10.4519764232497
10.6640089079082
8.69493494985967
5.57407056369986
2.0372174917795
-1.96340783962983
-6.38532253236168
-10.3820335772399
-12.8737489537541
-13.3903234738449
-12.042946047516
-9.14422471423592
-5.22632251519251
-1.02531073706842
2.93695704823341
6.4872089514103
9.34471974897317
10.971705319907
11.1681204814726
10.4929842690356
9.80759896298468
9.4642276697607
8.96299176310684
7.38566911137504
4.30661644081657
0.274753672861296
-3.7778447507052
-7.46118048879564
-10.9704020857555
-14.3646247155198
-17.1153138416257
-18.2993049570821
-17.1947658186163
-13.986790856962
-9.91669396160889
-6.36710820678145
-3.76594313510975
-1.62275802432681
0.608983903862652
3.10612907812073
5.84182046639749
8.68998649379849
11.4012103422621
13.6743873355076
15.1942382592975
15.6259784535994
14.7980219459953
12.9331207576934
10.5630619492411
8.18037228416158
5.97662268036066
3.84545602687628
1.64055619471684
-0.491905536800706
-2.12208017794879
-3.01216432685068
-3.40674869578255
-3.61145018489755
-3.50929366302387
-2.8203111024033
-1.62764267905513
-0.348817014629469
0.588332836410783
0.857213112903147
0.364468674338092
-0.538110783718337
-1.26741318481221
-1.52500344078031
-1.39175674674783
-1.05862833390034
-0.777101039718405
-0.87062391126215
-1.41770473507948
-2.0243586716165
-2.15005364886162
-1.62098936661647
-0.823978758406111
-0.497657854116052
-1.17969122738621
-2.69748508929009
-4.39171072703204
-5.9066052451413
-7.42960391786143
-9.07303527632602
-10.3801177155876
-10.5814504832575
-9.1938705124036
-6.46952543361785
-3.4554548516914
-1.4276140848001
-0.967258495547171
-1.63370892139865
-2.63716611064969
-3.59228689343587
-4.40616238750071
-4.70959972261468
-3.85138761044329
-1.57830430320043
1.42955163111977
3.91628806998141
5.12794449191994
5.49891925990676
6.10316102554581
7.54986641909036
9.62988283028784
11.7503330020638
13.3044375836975
13.8822406524305
13.5940466214828
13.0302177851784
12.6083523509799
12.1975587534861
11.5324963647135
10.5888869283695
9.38400781529089
7.83693204936437
6.02759521831461
4.3122336829104
3.06573291299337
2.401973097053
2.06244109609374
1.54832131962243
0.530827622166796
-0.933606307062652
-2.7852194894143
-5.30324487503167
-8.69849126954156
-12.5654654685504
-16.1435418249339
-19.0405629400775
-21.3947843592029
-23.3428401954779
-24.5211352488339
-24.1549906116503
-21.7094998145589
-17.5437969298667
-12.7749050332791
-8.34285902295101
-4.45164726891479
-1.05432347278035
1.65043457600758
3.59500188418464
5.22724993802129
7.06270024631772
9.15896854045818
11.2325518644587
12.8875543596583
13.6155667612919
13.0302450361578
11.2488622485692
8.74629591352202
5.8121193927657
2.39051265810612
-1.49415757379412
-5.18267766992599
-7.33144500587967
-6.81478543337861
-3.96746155087922
-0.590617006990267
1.6220262446134
2.44630195700211
2.85559516831081
3.86179678575771
5.78597276383426
8.24029881295321
10.5525716797278
12.2658877134465
13.2034804629339
13.1413002180053
11.8416094584557
9.5639649585219
7.12624233831378
5.1882604745845
3.73931444711234
2.42682413374635
1.05545651195175
-0.368818845380148
-1.7605949364472
-3.00106835842206
-4.063316030511
-5.02725355611993
-5.79023276853453
-5.99832591835255
-5.52537365335636
-4.79530741346646
-4.38415173484425
-4.44450671471273
-4.64735119246051
-4.59861073070712
-4.29112253227426
-4.14442633968955
-4.48329637653798
-5.05465639277551
-5.30002054425629
-4.99991564996399
-4.41294869075658
-4.01821601574744
-4.35944847234106
-5.70936593670957
-7.51976369988989
-8.62383909671595
-8.34040864373832
-7.05697002012398
-5.58643743184493
-4.36079448943556
-3.32896258014989
-2.20929203138245
-0.712833820303862
1.24744366253584
3.55096742133093
6.11154452057192
8.83299824205674
11.1796816899621
12.2339037621558
11.540686837143
9.60749767651464
7.31069202931017
5.11663056728939
3.07603242104566
1.22472288396487
-0.288483132738418
-1.36853018287921
-2.18221807126895
-3.14049929974923
-4.48463683244263
-5.89661992042244
-6.75985571244322
-6.79994664467227
-6.2740148757754
-5.57402993284358
-4.73285300714937
-3.23274587994252
-0.455239212600116
3.33834035797643
6.68505944311715
8.12731352745346
7.67921303534504
6.68230963610412
6.36463596214883
6.88100030215552
7.51140269722212
7.4473378477335
6.53211653976034
5.37332660928631
4.59717887342333
4.10162347237136
3.30110087222016
1.91879043086689
0.198525553040075
-1.49918900543104
-2.96106931500256
-4.08358348148558
-4.86304643884475
-5.40909183163032
-5.87483521817292
-6.45167296955107
-7.3458556629958
-8.48099604444845
-9.28834809949308
-9.13082669076447
-7.95638660533747
-6.36487236511995
-5.09260188980375
-4.43063478265608
-3.91256059006875
-2.6065354283271
-0.0127639471483745
3.33991565265309
6.31569173095012
7.96246482359655
7.83214769692189
6.0702924250169
3.56271652416568
1.66709982398309
1.44623708310261
3.11700895673303
6.03895975093052
9.01546627300599
10.9051076476461
11.3460481644014
10.8337006410349
10.0305927113418
9.22909271599643
8.44212764696111
7.6365016778236
6.8087366662945
6.04017253234596
5.42672652888436
4.8065161255486
3.70095328158877
1.70340563342481
-1.1277208995867
-4.26067962708031
-6.93902379464623
-8.59036745350959
-9.35372556186817
-10.1476667196509
-11.8643394470156
-14.5899382919387
-17.9021165435804
-21.5701014416595
-25.3982844015937
-28.6253696725987
-30.1491848724405
-29.4969715238277
-27.3438290900617
-24.9039959159047
-22.5895999293777
-19.1785271633699
-12.7394364217522
-2.81401826650434
8.5512665199058
18.2848636972034
24.592316519142
27.6410365909277
28.4677772344493
27.7833569440389
25.8607107693861
23.1749042400551
20.5974333109768
18.6225449557846
16.6993718810487
13.8868024413153
10.1297028957924
6.46553886095335
4.02513559555095
3.14828524912451
3.32905500956981
3.67293326576591
3.47339492235632
2.60740479859734
1.41045969943473
0.177215348126709
-1.07157689056834
-2.37434055790091
-3.64008537894877
-4.69104888742789
-5.30531786542087
-5.28987253087289
-4.68847942161483
-3.78819789114835
-2.81985341066784
-1.87649835151199
-1.12877509910828
-0.727858703791634
-0.44695197474002
0.179199463274427
1.26396978830163
2.34758594048627
2.73992404252739
2.01552120672613
0.421692705361601
-1.13877127070234
-1.87839559432723
-1.92695034686517
-2.03693421285653
-2.58530419573024
-3.26384735322613
-3.62554732028372
-3.5446378540106
-3.23662751234425
-3.07380707494504
-3.2690402597846
-3.66455208252253
-3.98418151059093
-4.22924294343575
-4.62985427786866
-5.32980145753476
-6.28062546984826
-7.23475852384881
-7.68192688990168
-7.07129849710773
-5.32183313603371
-2.90465120225378
-0.292180663877303
2.39981912734932
5.1193561467736
7.57143236723704
9.39606065038451
10.4665513769399
10.9144788286642
10.9210810653509
10.4364052072402
9.12165304012839
6.74104914491859
3.54608014784335
0.0322423830605704
-3.57560388918463
-7.32170948034239
-11.1152186709249
-14.5616712683721
-17.1297089879502
-18.4457065024499
-18.5897429077082
-18.0221031468337
-16.9815394640229
-15.1411918762202
-12.1451860908538
-8.21357806895774
-3.87468178198957
0.654604719207329
5.51713215950977
10.7753480367269
15.9853401129863
20.0532476685814
21.6919996524533
20.428041718723
17.1837681954263
13.6480411332879
11.071862585184
9.68184858383595
8.9568487257296
8.21535530592934
7.09170296943926
5.69026102264001
4.31558102250725
3.1292470142776
2.19880081792251
1.69211052846337
1.72498753059522
2.12371526029449
2.56270824310309
2.83169857057411
2.89782196026848
2.91194386745584
3.14775399383721
3.67551012963831
4.14674484201927
4.12596616965438
3.50968576111726
2.45918831295002
1.13833322001679
-0.366798621488091
-2.11354780676762
-4.31349465476056
-7.03508811245095
-9.99342293476495
-12.8729095026549
-15.6528859444058
-18.3933902902444
-20.9586865039428
-23.1142809411518
-24.6285749086939
-25.205153216392
-24.5493982883858
-22.4884845770558
-18.9284413003548
-13.9659597868745
-8.22528714772516
-2.7255549948363
1.86763320209866
5.59737078262086
8.69971928853107
11.1838232412558
13.1593143875223
15.0816859401209
17.2427407676644
19.2449856840556
20.2586392320768
19.7405095120539
17.9277191747908
15.7520468711707
14.1288552814257
13.1821231304211
12.3023650438563
10.9671064555086
9.24808584710312
7.53292428370271
6.04474127003387
4.67884508661892
3.17713549980281
1.46758551422145
-0.239901964952211
-1.84765246962807
-3.6596482403746
-5.97991121703099
-8.63811153327516
-11.1987623700007
-13.3457089988851
-14.8215886409758
-15.3979357351376
-15.1507887541352
-14.3642066193738
-13.0305259000806
-10.9017639938798
-8.09418733616985
-5.12242155679455
-2.24386475259618
0.737987140607693
3.87922072948194
6.7043511392232
8.57052578239926
9.17705263290911
8.65350169904015
7.36613814767525
5.7187861326004
4.05341419359913
2.65932173914927
1.71919850845568
1.13342314692999
0.569348721982215
-0.170924562543444
-0.984540414131202
-1.69132448556863
-2.17601095024459
-2.33285566776464
-2.14811922798856
-1.79971342321085
-1.50298565251326
-1.41936819233023
-1.78240054743177
-2.7347875061362
-3.91356063397131
-4.62120574960377
-4.57274054889551
-4.14972419403254
-3.86123975138032
-3.83004220320215
-3.77121515892577
-3.23700059046557
-1.92560443188486
0.12209443874149
2.61112290442737
5.1306027833969
7.12470823601458
8.05095672114834
7.84046900031625
7.00382056209441
6.12185335473666
5.44458766665591
5.03648300328451
4.9754737727865
5.268952305522
5.79186658968998
6.32262937948114
6.45351927833271
5.68089103926289
3.98120230623954
2.11991579483722
0.960247719903889
0.576749076983384
0.321010404973676
-0.449698121014053
-1.89754262761685
-3.67405285458369
-5.20908822928488
-6.20819748726842
-6.80330835253822
-7.04682260548143
-6.56596249037184
-5.05903947841237
-2.87718549250017
-0.795420002285817
0.650799979364555
1.51208711081697
2.28813310780195
3.35633215689303
4.32447073066966
4.17893962693913
2.31792730654432
-0.814894044122925
-4.23327827896924
-7.148277661501
-9.12153111685383
-9.96149895491891
-9.7107653822855
-8.57244039029228
-6.83470928048133
-4.92314311435764
-3.28576306475346
-2.05327918917892
-1.04635067436018
-0.25097279871067
0.0116067343742065
-0.442172415622333
-1.25302867134384
-1.71429969492651
-1.3072101304035
-0.217073512531646
0.572810091769386
0.121806243380232
-1.26047697007599
-2.07578045921926
-1.18304340225118
1.09593020892407
3.51997836837793
5.07042596989283
5.42948280583043
4.84427014320257
3.81779533927302
2.80156574116626
2.07817416350917
1.80719619249597
1.96146982301265
2.30651764856092
2.71895020946551
3.43365412067499
4.78053637801843
6.84835746668545
9.45718518930276
12.0838867828104
13.7768374222339
13.6712126209709
11.7945997800829
9.07270544518814
6.503156771606
4.51872496778638
2.96517364494024
1.34326727694685
-0.831278580060564
-3.59257824919019
-6.4547644077703
-8.89304725761211
-10.7561871107145
-12.1312441032829
-13.0637026719186
-13.5351759600353
-13.4584972771748
-12.5827714127572
-10.6329430422882
-7.6645981506012
-4.22760105160836
-1.20684453280644
0.568174846109769
0.84112528452635
0.194827553858666
-0.289177478227268
0.300630319405137
2.18935977061292
4.7031713292669
6.61525166821891
7.18643752884148
6.91794283369707
6.87854351550809
7.40265091251126
7.93913773785714
7.97694634442639
7.49306868410304
6.58692544761816
5.25535322142243
3.58599861182929
1.8428997714773
0.273434740974017
-1.12251474204594
-2.64308591485951
-4.61744577232266
-7.02463467913256
-9.50571591582918
-11.7551591277433
-13.6579344865285
-15.0237834802247
-15.4900867400225
-14.7597068482842
-12.7254230569572
-9.49616737582237
-5.72052551443675
-2.73876423082435
-1.73725093993823
-2.52693118417372
-3.49899089966786
-2.93646780526409
-0.312750376054562
3.49161588947332
6.9976745291708
9.18782338503329
9.8861001720372
9.31055903135977
7.73274874431325
5.74530157178957
4.29679054366971
3.98997561421227
4.5949711899144
5.48077587286816
6.25189473910052
6.87471508510558
7.48977408969454
8.14833365473181
8.56996574033303
8.33111345802114
7.44916642326423
6.49288404066648
5.9650143381372
5.86205295980889
5.89522450698817
5.82594076982451
5.54220381100731
5.03112130461763
4.26041482652289
3.00882812345688
1.02977783249882
-1.47596270147796
-3.80887480759955
-5.3969714852046
-6.30063910791997
-6.97020143801208
-7.67981215353062
-8.2846284683414
-8.41927813545316
-7.96463860118107
-7.38362334850715
-7.41420104708165
-8.33505000340761
-9.69332625885044
-10.6890658830153
-10.6211742178266
-9.27369505315185
-7.34673334151607
-6.25494689618105
-6.93556967515044
-8.90380999527333
-10.7581509791258
-11.4373290327474
-10.8322354119374
-9.47602558346489
-7.84163411498287
-5.81615617825256
-2.88132499786148
1.10947950637006
5.53771523269533
9.4609974082868
12.1773511992093
13.4801353689994
13.8886082030681
14.5510099074364
16.2703718966573
18.5125436906009
19.7971379471259
19.0822952266988
16.4672347647352
12.7229890038308
8.63297174676713
4.81242501966817
1.74466591795186
-0.268468365395564
-1.18264201022664
-1.19963389138911
-0.61403227070101
0.378814685648469
1.63106870665993
2.83304947750638
3.65279244420994
4.11748372173162
4.49123459364769
4.74342169856348
4.55689248276702
3.91407709544242
3.28293821989176
3.12773764406467
3.42158628679449
3.59273942685784
2.87706141499128
0.900801045915599
-2.05796858916361
-5.54335095403903
-9.46798735709032
-13.9099765581565
-18.6382216411521
-23.1684650602505
-27.0110039244664
-29.6418735829309
-30.6414115894391
-30.1174201468469
-28.6650764361096
-26.7898908862007
-24.6343632680119
-22.1560953737753
-19.117280384644
-14.8586585922669
-8.47356750853488
0.445703607563957
10.9924141053336
20.8314592676961
27.3545623805978
29.5387543976982
28.6419472264599
26.7302158523424
24.7400759905574
22.3742411155969
19.434646935158
16.4317419316137
13.9294726771401
11.9221120321342
10.0033462067313
7.89532280525602
5.74839344601143
3.95860518019057
2.70430732818258
1.8128440880519
1.11194177462567
0.604977406108653
0.214080482238687
-0.266688031442861
-0.835963886712326
-1.24901103684911
-1.38689427715392
-1.37431593242847
-1.36474045723442
-1.44662688960889
-1.6398110025448
-1.81780177609699
-1.82220618720176
-1.73507783471035
-1.81907643120156
-2.18938356449753
-2.72832070129088
-3.20803749737035
-3.36443588228637
-3.11420209694785
-2.8551585015643
-3.20035883509458
-4.1853498733755
-5.06659002507785
-5.16072858539591
-4.62056361343392
-4.15172166978514
-4.14323941651521
-4.23157554618077
-3.67364734561488
-2.21628492992674
-0.624669381809117
-0.0838429829945755
-0.990489833622473
-2.63632717358209
-4.0759832413997
-4.88071579457362
-5.03654191683209
-4.58546822062999
-3.52989980625225
-1.90733641706682
0.0445446433398517
1.80042846218567
2.86011651365821
3.18517097650128
3.13254976347849
3.07727016160854
3.3123348705043
4.0080237225977
4.89582517272029
5.23796318019362
4.45047378829499
2.63960850915701
0.451762840629407
-1.38634281667346
-2.40705738260864
-2.55423833229386
-2.01664827464631
-0.876121069646555
0.846045727537786
2.74476441361819
4.02711221117066
4.18708818209979
3.46239589859452
2.49606334138867
1.76472255682582
1.37455895074303
1.1101605096947
0.584933353213054
-0.435894377559159
-1.79300019450128
-3.07128609258646
-3.87756387137938
-4.0009070462589
-3.55967247910631
-2.96261394345246
-2.43662548069699
-1.71808826354207
-0.533883924161163
0.841003865897361
1.892648268642
2.51612401508026
3.00934865782257
3.60568261089267
4.24447492227856
4.64756504981038
4.53066885126827
3.86352989147242
2.87445218545279
1.76650893552576
0.714013885829756
0.173812603424381
0.683048716137557
2.09449692775643
3.37939276988613
3.41071527991003
1.76710676001839
-1.18856088465733
-4.68794313047482
-7.92779417466133
-10.2897702781757
-11.4378268618855
-11.4169041809349
-10.7442461461016
-10.1261055594134
-9.71538474285306
-8.75008262032522
-6.28417215266538
-2.22759514268646
2.56026370228609
6.96222922803185
10.1120162925185
11.6103321363431
11.72075750435
11.1910408068356
10.5869471262343
9.88785786386193
8.73971117343686
6.86626890849083
4.28123175580547
1.35496173101109
-1.37920694974181
-3.62447836449851
-5.39535746170129
-6.67904722390119
-7.30667390824603
-7.22078847648575
-6.63137687708849
-5.86372435079027
-5.1435647722403
-4.42644742432319
-3.40461553567467
-1.8795866448964
-0.115586685445841
1.39460173291827
2.43850144806594
3.17653296658646
3.90873509991215
4.91946257439385
6.27954337717594
7.56781457230167
8.01450740558239
7.15203127758142
5.21655017130309
2.86197042858047
0.692558190400353
-0.927054841025157
-1.95405170951661
-2.69230028807871
-3.51217028672704
-4.47328503405302
-5.3196493567188
-5.7492660528829
-5.59932861746155
-4.93255482085361
-4.0225047674495
-3.15651557986987
-2.51233133511081
-2.24072733955598
-2.32828961771162
-2.25984350650527
-1.28510384658137
0.725264329128119
3.03551162830025
4.7727730177517
5.56070528782971
5.46428062981545
4.73926327259411
3.65993264643346
2.31257782537189
0.605651648790736
-1.39560108095389
-3.32552856993098
-4.77387058505227
-5.50870162861479
-5.51967395509928
-5.07172216869054
-4.60730886401429
-4.3764165497331
-4.24589819701809
-3.94885211328866
-3.30430377700536
-2.0815942714555
0.0817065326552401
3.36097773691924
7.37327286937205
11.2278540863731
14.0074330416954
15.3601084874398
15.7137312265648
15.7360994357075
15.5179296740424
14.5500342135016
12.520992711569
9.70640411976111
6.4666010415631
2.8204260336625
-1.25640225131821
-5.39491743439248
-8.91791515995625
-11.3660178392451
-12.9677723438316
-14.4995945814665
-16.4713020314428
-18.5385203758975
-19.9604786402775
-20.4418442348866
-20.1570205983205
-19.0954831819907
-16.7871616822342
-12.7627276056964
-7.27528936791645
-1.61987937759244
2.51737782107622
4.39317912161179
4.78931628220164
5.03984328013423
5.72271458225545
6.56309810720116
7.30027145728028
8.204439845076
9.74208597447983
11.9322321064056
14.0802293040093
15.1632331039143
14.5532108300423
12.3570056052175
9.06735690702578
5.12424101700047
0.988944563993077
-2.60900994824561
-4.85621523254944
-5.35966902479174
-4.49400877133454
-3.29140267430272
-2.7107277854491
-2.7128338019337
-2.31278588008905
-0.874960818709895
0.959108718374293
1.97928355015612
1.70852045406626
0.710682698132043
-0.0087925560145536
0.355080625881036
1.96575696258771
4.25803289396039
6.4532643252132
8.13204876081261
9.11288623208971
9.07576252887651
7.78468067065309
5.59080405852278
3.35347862419599
1.80837147444077
1.06600780586511
0.647559628605864
-0.0323915338987953
-1.2130799226259
-2.82913079586513
-4.83946058314786
-7.2154394968337
-9.62562540253064
-11.5086407855432
-12.6206830365149
-13.3022198107708
-14.1149821777786
-15.3617699326248
-16.9090028859171
-18.2576422532148
-18.8242886989992
-18.2973219634383
-16.6710294720029
-14.019748023197
-10.5260086860969
-6.60702520575298
-2.58832334850008
1.63713201153622
6.19119452438342
10.6111403072088
14.1255039544939
16.4198934645103
17.7885329281281
18.6530907721349
19.1675264748086
19.1794698208923
18.4630476253292
17.0598087785544
15.3329313718571
13.6077899095547
11.9250981173746
10.2092381065453
8.44338655124088
6.6253946212312
4.77250564329737
2.99001545729612
1.39845571866925
0.0535375615415423
-1.0250769641477
-1.93692336013553
-3.01037678046139
-4.49356155184338
-6.03371606589853
-6.79507939987377
-6.29186468273211
-4.91946978352743
-3.56194715044601
-2.82650548166486
-2.66016710646735
-2.55488646474087
-2.1713956871666
-1.8259888802641
-2.17343049917921
-3.36942922679525
-4.83654635913945
-5.91242268087776
-6.45757535614863
-6.81936582756451
-7.43309093511433
-8.43110604720482
-9.51119007120174
-10.2531371173594
-10.5138779055881
-10.3279770927789
-9.63311381460482
-8.46587398155735
-7.20037706141089
-6.13811170254669
-5.0356669888655
-3.41243336424096
-1.14592654009599
1.45903242218187
3.92201692659209
5.78497627603321
6.90058671202202
7.62822872536487
8.47588296407119
9.52917839771686
10.4034824656274
10.6248026924744
9.87612546804471
8.06636238997932
5.41944202135651
2.47477766600497
-0.0637064743951289
-1.48960203185207
-1.35807914507994
0.103317585173083
1.99094372143208
3.43844106282419
4.22425867354023
4.54311439557692
4.55455134700067
4.42938118051048
4.45554441936592
4.7201607887654
4.8534021731251
4.31111188873091
2.90357277394072
1.09454788897734
-0.206663007848914
-0.382003476141908
0.252057792833093
0.718155734349292
0.325272052830047
-0.797195351306548
-1.98227915728829
-2.66497556205863
-2.93444907078319
-3.58272813145051
-5.35252529001891
-8.08854145367212
-10.9151942643074
-13.1417867595891
-14.6084711235563
-15.3396598853755
-15.3587805645082
-14.7407172688816
-13.4466898725386
-11.2167353601806
-7.94337042375937
-4.04348303745327
-0.218421032725139
3.05776362841735
5.68576143859636
7.78615936701598
9.59342716604859
11.3680865801388
13.2222854308173
14.9881460338982
16.2386644384242
16.5086642180404
15.6862894954496
14.1883537306896
12.607899243794
11.3080239233092
10.4788134022076
10.2160915444076
10.2009516131248
9.63845558828297
7.92223778292717
5.20620403206915
2.19045556586144
-0.382604281266788
-2.04102072601054
-2.84725239672861
-3.39949168139951
-4.23088615404036
-5.27541227361855
-6.17800531122471
-6.84739235413052
-7.33139671170777
-7.39792212980006
-6.65809097946336
-5.0879431245518
-3.27140682295836
-2.13994214302506
-2.43516988810431
-4.23059351568493
-6.80344273252566
-8.97521331501001
-9.8445800990092
-9.57601603916918
-9.50879690304459
-11.0382192394411
-14.0837859808503
-16.9790128857908
-18.2005557252784
-17.8822401897127
-17.2830314617719
-17.1799992848823
-17.2582841206018
-16.733233657436
-15.0511879168071
-12.1348913279236
-8.32445419703834
-4.10762136548956
0.183103032595357
4.47613752091598
8.92874853403525
13.7657097796159
18.8531683764688
23.4123400298372
26.4679372457107
27.5989532063432
27.0452814692879
25.2579371259946
22.632197520884
19.4981571422646
16.1238971556829
12.8279143313451
10.0410259793058
7.9598229339578
6.24372517362287
4.41123707147647
2.41527891496494
0.548442181052162
-0.997997332817263
-2.22492647979781
-3.22484666383323
-4.16650676000109
-5.06729150153782
-5.42952532835043
-4.49511508264674
-2.14164421643317
0.715321458347224
2.82840339275618
3.60248601288544
3.36410796691952
2.8818928453727
2.67945689877646
2.71032109574759
2.6569082356324
2.3836439998947
1.8869473896611
1.01963831926368
-0.344484245834035
-2.0120302665364
-3.67744786077868
-5.27224566737664
-6.8626566942063
-8.43291720263834
-9.96090569749806
-11.4442919885009
-12.7115482398052
-13.433258734831
-13.3696499682543
-12.463793502685
-10.8205445440822
-8.77900819663882
-6.8582273666352
-5.48087954157524
-4.80414328388756
-4.72309108897025
-4.87520404968056
-4.82053084607636
-4.42862088179647
-3.92813049671795
-3.48150591290266
-2.98509101327305
-2.38301776118667
-1.84499384434361
-1.46113022154183
-1.01660262045671
-0.243509333404966
0.860314310385805
2.05610103286742
3.09434690742898
3.92170395370755
4.74167460409179
5.77126734232326
6.89490476768225
7.76619074792812
8.26811859145869
8.58522281664312
8.80796687637513
8.75823438651138
8.22663924601629
7.22068845214051
6.07265926647336
5.35804303218392
5.44015060645968
6.00065712941394
6.26638758737863
5.72777535698461
4.46240303476214
2.92441010846487
1.65537925545477
0.962565254966538
0.628824822752832
0.154636783471904
-0.593598943069219
-1.24063067148659
-1.41252372543773
-1.06502878858649
-0.328782098009208
0.647071814617929
1.67475964042076
2.54998725937186
3.13053993451355
3.37745331199481
3.35225402276365
3.07841783091868
2.32400093034645
0.754990665554159
-1.46070445832766
-3.44505046869627
-4.34848892126094
-4.13512160619284
-3.36873543601639
-2.4868847935882
-1.62031714027167
-0.904473467833233
-0.636959047227569
-1.16370959616081
-2.63246310530318
-4.72288606773841
-6.73267584040095
-8.1553798356282
-9.08974945332829
-9.96319746703303
-10.9741276183833
-11.7672526689316
-11.4563558302491
-9.19433531196991
-5.15498760827317
-0.823840637390494
2.07884373767599
2.90688368668825
2.2090663946564
0.897069026652092
-0.472765949696528
-1.89767852177714
-3.66408787464554
-5.78245236138568
-7.65075413521157
-8.35360628078708
-7.24445861923036
-4.31373916230955
-0.305257633768379
3.49348621269532
5.99430486321928
7.13479518372798
7.85602132560312
9.14824289439679
11.1744992596149
13.2527630366643
14.5008308833193
14.5459518099384
13.7913838506126
12.9875223755389
12.5228536778638
12.2242549381976
11.6988139749861
10.582410138888
8.61843555193298
5.88100917148812
2.83659709387655
-0.0667095249881365
-2.69532442067478
-4.98419620399122
-6.76027442866301
-8.02543056849963
-9.0903317072313
-10.2210697785486
-11.3466156907915
-12.1894198234365
-12.5626554538667
-12.5455827315936
-12.3314860896454
-11.7495691333086
-10.1314079657775
-7.05865561440626
-3.12903930586776
0.427803083303034
2.77849617153947
3.81410877081599
3.74268833305552
2.85481024203273
1.60483104276444
0.518735420510218
-0.0695213047959746
-0.117954043426811
0.177623740277588
0.479768418479553
0.531346592291453
0.376352434828076
0.274851362643007
0.456208016333102
1.05477457521094
2.08545007596857
3.29536158139599
4.25063486496723
4.7558732156525
5.03105448551185
5.41158595021961
6.04702474107239
6.86248153781375
7.59686545516096
7.87891835568724
7.4066202577672
6.11320037249676
4.26286793532084
2.43644088878352
1.15136065569532
0.26854327161399
-0.963636350908863
-3.02040330374872
-5.48448249799354
-7.4750522251332
-8.41374859211524
-8.28224831736699
-7.46092767378192
-6.43810024572684
-5.48938182139987
-4.62085905967122
-3.83685479399545
-3.21468845394047
-2.64973688945915
-1.87645719021942
-0.895269546661719
-0.0953264196247878
0.17006211387821
-0.0830353663310467
-0.555217111413777
-0.81191237717775
-0.405338989417347
0.780191148085197
2.25688698012636
3.26317557045116
3.41208870799377
2.94478802296776
2.44882490600217
2.35578797145352
2.57399145409277
2.64471340149188
2.35044747894408
1.98514381186752
1.93432965951272
2.2961493314039
3.01281779873479
3.97506059778952
4.84117957474095
5.10494036783698
4.51764105513293
3.32590323435499
2.17290423242852
1.80631411361432
2.50865806946887
3.63485351687607
4.10236032772027
3.50969279190464
2.42173449255059
1.50273035849533
0.744314238263571
-0.443906637279216
-2.69665352089871
-6.18718181332384
-10.3755897205949
-14.2704061477848
-17.0542968169154
-18.4382806150738
-18.541477330315
-17.7209077929496
-16.5103161238746
-15.4265717605705
-14.732676461633
-14.4305113913677
-14.300567795361
-13.8405006774496
-12.5038773627596
-10.2521360965345
-7.61563664670236
-5.03971842828095
-2.41433694416274
0.685916001930294
4.55504363650999
9.14169291727656
14.0175930451623
18.5416154063546
22.1897007709784
24.7361301786723
26.1969277905844
26.7500431438563
26.6095896643572
25.8300017558056
24.3970119632397
22.6061056664276
21.0708415045671
20.1993292385442
19.8126200546185
19.2531199498622
17.7630549091693
15.0409755781987
11.6756743889287
8.75537221734144
6.84259968103304
5.55241531502146
4.06003464946452
1.55282505677775
-2.69172612489568
-8.89946060955078
-16.1956153517864
-22.8710913772922
-27.519458357689
-29.7686569056368
-30.0314606918668
-28.942656810771
-27.020318539086
-24.5360054433297
-21.6393899546748
-18.6085914602186
-15.7587092994655
-13.1352525845546
-10.6705601413198
-8.62576067776807
-7.45666958598849
-7.21741991182389
-7.41578036846227
-7.42714904352819
-6.83910184304279
-5.52310758726371
-3.58673870559387
-1.21487368775101
1.48721958582451
4.47165049481696
7.69170352425518
11.0848745993432
14.3469642145584
16.698289448052
17.2497434571053
15.7413620193204
12.7500861021816
9.26586256965813
6.24471723186907
4.28990404999721
3.39618428465065
3.07231709162777
2.83752670489676
2.50241893718327
2.09422105661711
1.85244831677634
2.21342127260684
3.3692089955079
4.83333040006861
5.79726969751399
5.88649602501673
5.27277213882328
4.21604922358019
2.8835108583602
1.47028608902849
0.12950915595869
-1.13510016982633
-2.3093820129005
-3.23680183271788
-3.74635071628943
-3.78550854477412
-3.43801181690529
-2.91925660402107
-2.460930088098
-2.13831827738726
-1.94543752249794
-1.96611178054672
-2.19557128444215
-2.28823004063132
-1.84316394909679
-0.949168649838796
-0.247927578473529
-0.489189171334153
-2.00371849808158
-4.36482835356372
-6.59648289838129
-8.01194568082419
-8.78157555223009
-9.42913151435401
-9.98852212774381
-9.9774786698566
-8.99162114979544
-7.02019986980409
-4.35505440700631
-1.46338334907904
1.14763705399936
3.16185182258759
4.61464219927665
5.85401361692816
7.32387146413536
9.15049750670131
10.7587171682844
11.0943444696479
9.46269832939154
6.08571986047834
1.87827884648578
-2.01497470572863
-4.52207502871651
-5.01055169766768
-3.61200377337085
-1.0841631590625
1.61817315031553
3.66972848573806
4.68325602873611
4.93682362150701
5.07207686388585
5.48505361137447
6.20211770957436
7.18682997785154
8.38692809589943
9.60284256512183
10.6473622540242
11.5032881079405
12.1329568606179
12.4298480472151
12.6126547504933
13.4186327873353
15.606505002553
19.1891904578542
23.0830917267753
25.5537593898791
25.3191886756907
22.4677949969531
18.3102039803152
14.3290513368845
11.1577408987799
8.14911208904315
3.63136332992081
-4.06374326351622
-15.188951304385
-27.9711420674964
-39.5415325803578
-47.5979724458681
-51.4506208934496
-51.9893773183583
-50.8358112694272
-49.1972309414796
-47.3077277957699
-44.9503836776568
-42.2060557708624
-39.3796187846816
-36.4955566705901
-33.2788978632242
-29.4580171177291
-24.8487676286991
-19.4345816525639
-13.6477236855986
-8.36512870343552
-4.36926259744458
-1.76968183038425
0.166448324169166
2.75384163275847
7.31123204862189
14.5426892655991
24.2023560114057
35.0052117949112
44.7692848302786
51.1972068011595
53.1449226069745
51.176922692177
46.8110948994325
41.4647877622819
36.1056137460359
31.3183991003953
27.2780992195814
23.8357191921832
20.8557039799829
18.3752558392491
16.4086987954627
14.8030707630643
13.3370234087048
11.8285588809229
10.2113811843657
8.64170663217458
7.36786498324433
6.3147246886589
4.93086320312462
2.56498589892605
-1.05569234570511
-5.5905714047956
-10.1526474501189
-13.8092622121463
-16.2511833960979
-17.8266986135855
-18.8653012450407
-19.2695974595812
-18.8011767557007
-17.3975508283711
-15.1804711824832
-12.5057347573835
-10.0188266920191
-8.38328198725453
-7.92281096884384
-8.54602626513383
-9.80381447696363
-10.9989665191648
-11.5388693443074
-11.2711915766204
-10.3677009801854
-9.02812543942572
-7.46778115698831
-5.99065380170506
-4.85279926809317
-4.13783826437786
-3.81697579566389
-3.79210829456656
-3.87077348011115
-3.81857972243456
-3.39437910517518
-2.31456687733816
-0.484129627460198
1.54896773903175
2.74119069364552
2.5140808127529
1.35748144465219
0.277001578613223
-0.0770872395382296
0.377525339213177
1.39642745934838
2.61818521610956
3.73659161874012
4.59922287011269
5.13396894792677
5.3224730536065
5.29491340406052
5.23984298313059
5.17386130940433
4.96937583215294
4.54207739902051
3.85764719800789
2.94235871629453
2.03202532084781
1.42268007476893
1.02517110107242
0.36482919131487
-0.898123826237792
-2.72628574594101
-4.91248538637515
-7.16743475423339
-9.04745823401029
-10.0942954748998
-10.0480657295802
-8.86394408954948
-6.72112098938013
-4.10397689278372
-1.63470173699361
0.343105161588247
1.95176199564167
3.54384669243931
5.31827355708822
7.04444906805865
8.11397451636827
8.09771863979779
7.3232124388375
6.61108119397206
6.41193826471998
6.55439633624743
6.791169846193
7.1192045475033
7.55139571521244
7.99039447453982
8.36037623676386
8.61435232649304
8.66078199725632
8.39891126207492
7.72248671204522
6.55238346944886
5.08589002890194
3.84184867280965
3.14207634726915
2.73577648979965
2.22401271249924
1.59604322298693
1.05550774362679
0.574446911498232
-0.0957295927425141
-1.09225563599594
-2.23926360992187
-3.12038186673289
-3.38617850721813
-3.02353427409834
-2.25270968429677
-1.28921739836481
-0.44016250442717
-0.225578468526496
-0.925018134779945
-2.02129411581141
-2.55571226886771
-2.13579149085479
-1.26134382677929
-0.641046936387075
-0.589726269558992
-1.19998300587567
-2.73357209296126
-5.52813055644978
-9.46716234206611
-13.6476934122788
-16.8511061530528
-18.5395236437055
-19.183280950958
-19.4556131761379
-19.4767715972403
-19.0970890160936
-18.4689449765339
-17.9265775518278
-17.5536836487436
-17.1298187693224
-16.310089478788
-14.7667878605573
-12.3704735450856
-9.28986050231877
-5.84922292582069
-2.39205763281076
0.766435802264319
3.57872559316942
6.46087777495127
9.91685724491998
13.9847615680132
18.2914128369847
22.4585292982114
26.1492835836136
28.9246730434516
30.392845693358
30.4416346408748
29.2188957974969
27.0413596579454
24.3556730564658
21.5351054712794
18.6120543547884
15.3659421615009
11.6927394558437
7.79373663832016
4.12706470081776
1.26992620601674
-0.429050394442849
-1.23340983028081
-1.84680266814345
-2.76758673645399
-3.97347560240024
-5.14303421620744
-5.93668077877929
-6.19261219948164
-6.08462278394677
-5.97192853733049
-6.00987039113399
-6.10367526173135
-6.20144340758489
-6.32753650224609
-6.40541118548529
-6.37071518684285
-6.35620353423246
-6.49712265516864
-6.70536592581565
-6.8311323446323
-6.86123525228112
-6.85050578887781
-6.86276422907613
-7.00568920271996
-7.32402121463258
-7.68281590303381
-7.89847925915738
-7.89067422872837
-7.58382336276845
-6.78621888991274
-5.34827594008841
-3.48058226916137
-1.86601394695302
-1.31378718655945
-2.07700284294289
-3.45223798200346
-4.25459400133629
-3.79127843042296
-2.22007879575873
-0.0253382529123871
2.43291176666962
4.77637312849288
6.49983072812013
7.27157185187153
7.15347762371307
6.48535177585358
5.70639491175447
5.16191500784674
4.87136581382149
4.57890418561239
4.10106008531611
3.45360109148399
2.67147747701166
1.7672123439228
0.824007122991638
-0.0960729975757801
-1.03957635962209
-2.01314066453333
-2.93633775945455
-3.81747500402677
-4.70856993398803
-5.45437438793839
-5.77236375048509
-5.57027488746303
-4.94426334030555
-3.9503277248463
-2.59917977181092
-1.00097717786617
0.613149890735272
1.96437565635715
2.87494155993822
3.50084473486615
4.29834708233598
5.49440284902181
6.67625397988278
7.19701964605473
6.91402084986014
6.23363481925028
5.51052245362303
4.70888516781784
3.63446552892977
2.29015667047908
0.972505202689352
0.034021440056704
-0.451192522929411
-0.645500651497644
-0.562633598578581
-0.0424800230047985
0.816005943672552
1.61034967599307
2.16599080916412
2.73550981861188
3.56491630375394
4.59410487687876
5.61444479226289
6.43190671004932
6.89996019080719
6.98985958751731
6.74618844013066
6.11298786104136
4.98693650396925
3.41385548034458
1.49567864404659
-0.794195670344486
-3.43846609697631
-6.13938584499209
-8.47887031572101
-10.2144361144679
-11.3215504424632
-11.9111566343989
-12.1719235965822
-12.2304562953011
-12.0329349459234
-11.4856283217634
-10.65922726039
-9.71268764294841
-8.71214154155943
-7.64309599885843
-6.40970874867817
-4.70019201158726
-2.14295840957881
1.19720896513731
4.64515014481856
7.26599410956221
8.22555677904238
7.03899717242829
3.95556702934776
0.141466381850946
-2.82417824698633
-3.80959988307623
-2.69853344139472
-0.439358003056766
1.49547498068084
2.08182567268558
1.33722729360822
-0.0443547380198137
-1.38308975924141
-2.23282197500089
-2.3507654498112
-1.77764059225095
-0.745950941440204
0.606213259924589
2.22502612361584
3.87878084493329
5.14861211061864
5.6439447218635
5.15638764449892
3.86583739770535
2.55284986261019
2.29776705441624
3.64703436659024
6.11445669714456
8.6425493333554
10.5493118439459
11.9820351284709
13.4538328932039
14.9870609189366
15.8640927524929
15.343565804003
13.4257911367722
10.6672000206606
7.5267492167024
4.33344223337045
1.61544033285301
-0.173638565920061
-1.24769129780554
-2.42639361614263
-4.49213201519967
-7.68204815951235
-11.5340700364614
-15.1245053590579
-17.7116325176376
-19.1494818137432
-19.509462836095
-18.6310085247608
-16.4666361665618
-13.5823920790528
-10.834464935307
-8.66969823640943
-7.00358384663519
-5.61466044122105
-4.47907727949525
-3.81153009522199
-3.7806394383096
-4.1253147602003
-4.22926352847946
-3.70695715593364
-2.76535893122231
-1.93847267942554
-1.63487480793116
-1.90477793583825
-2.39544245974481
-2.51778293975564
-1.84362788510189
-0.333082834521093
1.91756023125227
4.97154629944582
8.87078035638014
13.2384973562257
17.1925897470948
19.6388072125971
19.8196599302291
17.8892303899676
14.9087584615363
12.0471777977943
9.8613993127801
8.38983448739444
7.52127900289099
7.00837025630034
6.47030429002318
5.65744113344164
4.52477814875135
3.00271669212869
0.955003720751943
-1.62984668051567
-4.57451298095561
-7.53366827401234
-10.0057949635066
-11.5872046203969
-12.2986823216968
-12.4152754952837
-12.0245647420603
-11.0600752279985
-9.6569431336819
-8.14185455113691
-6.74889559059756
-5.54031596438486
-4.47134494759075
-3.42692875248676
-2.35120684900932
-1.36148576879593
-0.583453736648522
0.0383076086902536
0.571209158410135
0.877267666460673
0.800324628548631
0.437769761264206
0.0416734389438549
-0.156436620550209
0.113090750482373
1.08635139513541
2.63818289609652
4.25172668493671
5.42293087651319
5.95834494293595
5.97651499270726
5.82268158472948
5.83469741375236
6.02737546267785
6.18839660728205
6.3298065253584
6.74317165370694
7.55693675203542
8.501147615568
9.08730006383044
8.83821200513792
7.5374510053436
5.49594831005677
3.37887030056227
1.58262709547191
-0.0422922787990973
-1.79388505630397
-3.6558892998505
-5.23870646958521
-6.03249190735704
-5.79943412859881
-4.82855413643279
-3.70916584295633
-2.83986617665717
-2.28014419646265
-1.96882106389951
-1.83321930079467
-1.7422095200463
-1.58608205742097
-1.35805874920719
-1.03537076388669
-0.611555163674625
-0.460140584683232
-1.34112728849373
-3.65996848554562
-6.88121034810931
-9.95234375275704
-12.1995034842115
-13.6982193389555
-14.9256526244613
-16.1221931148673
-16.9432603236529
-16.8319124916444
-15.7344479342644
-14.1793354854063
-12.62551948197
-11.1043033352827
-9.58660499068612
-8.31493760285902
-7.57306563535636
-7.29109519941104
-6.96910055600114
-5.99765372430502
-4.15544532787032
-1.77163656058559
0.710973904178074
3.16966346040891
5.63838861397522
8.00792632693553
10.1717563942388
12.2402456744634
14.3971883647441
16.7383588801789
19.3092843159448
22.0405461349556
24.6501889257014
26.8904902633634
28.8301722373954
30.6022079649182
31.9871067424736
32.5614791682392
32.1422677751538
30.8349293579202
28.8627177975782
26.608494226639
24.5542737672838
22.8882942552928
21.3535151966581
19.6385145752677
17.7156617548659
15.6657406268164
13.2643850037573
9.79774402105793
4.36989123528602
-3.43600368288338
-13.1936020076405
-23.9349373879881
-34.5320461839026
-43.715111631954
-50.3191646128793
-53.9843836415208
-55.296503127049
-54.9753443825821
-53.3028966419827
-50.4615471162682
-46.8554711979917
-42.81775217658
-38.3792482051401
-33.5231537050785
-28.4650142813193
-23.6309481709435
-19.4309612717862
-15.9547312667361
-12.8738578693817
-9.80686717927927
-6.7242624678325
-3.75684112540572
-0.704639150021655
2.89302275091551
7.15413833590587
11.6323082522354
15.8408099543943
19.8419978782501
24.1452318445064
28.9585462270103
33.6550743021966
37.2865331673932
39.6760617074118
41.539141091281
43.2994751846176
44.3234759008051
43.727619998769
41.5243991364705
38.6024089502243
35.9050494585122
33.8752717213886
32.3844983218927
30.9692416627186
29.2667515400406
27.2521226871129
24.9720902001513
22.1414610457231
18.0698267174431
11.9709730002106
3.58212706752522
-6.28568193740813
-16.062765465958
-24.5485290617068
-31.5070810914104
-37.1115290868148
-41.3474008441958
-44.1877161179199
-45.8533581382176
-46.6013078532859
-46.541703525856
-45.7800168839023
-44.4660028071772
-42.6482650411043
-40.3002339003182
-37.4739084941707
-34.2714506267508
-30.7891401187938
-27.2077920203132
-23.6811345640842
-20.000755031931
-15.7134885353655
-10.7404793992026
-5.56118264744719
-0.651707940771722
3.99275658325789
8.70963386918242
13.7274867233929
18.856677375564
23.5246498658109
27.1946464395326
29.7512257870381
31.3972561817443
32.3562883699752
32.8446488241107
33.052015063999
32.9012944868416
32.0959863687832
30.5947878325606
28.7678978197568
27.0096724105825
25.4891588854999
24.2186045142853
23.0074183883546
21.4457382729025
19.2616089613132
16.5837689386842
13.6568191563713
10.5211907855577
7.15955029650915
3.73689664848291
0.521867379664295
-2.31788434749302
-4.81609112359621
-7.21617219222466
-9.79648582229977
-12.5371265499167
-15.0838490693813
-17.1775275176631
-18.9453447202011
-20.6656579715552
-22.4556726437217
-24.2371515805304
-25.797970526097
-26.9298068324927
-27.6866690191064
-28.3361840834893
-28.8757262464232
-28.8454348642701
-27.7905436914306
-25.6843454924147
-22.8509746948215
-19.7192893459258
-16.5930159604881
-13.4111505422696
-9.85839610889461
-5.87985598209736
-1.83775027092358
1.96206155062494
5.55729128461093
9.02841542107619
12.2168735816118
14.7935701340552
16.4190073105478
16.9767350796858
16.8403828428446
16.6887251935198
16.8820020719981
17.2222468355113
17.3726351588883
17.2377909016593
16.9041323288925
16.4761808367394
16.0063121082546
15.419703551811
14.582821249104
13.5722144628911
12.6570446453925
11.8457025534603
10.7649845588076
9.23435308379145
7.64695809375682
6.51244232171687
5.85856532644133
5.28743043296889
4.46239220148671
3.41321773664069
2.40726466772642
1.55707115138201
0.6751206403226
-0.35539214943019
-1.28529385213763
-1.87131715906082
-2.36642143857292
-3.35589628682832
-5.27615820163251
-8.2344485064941
-11.9510436074113
-15.6822487504723
-18.5347891278073
-20.0448217105883
-20.3091717907657
-19.6954643933143
-18.6924781162309
-17.7931683433698
-17.1497828773873
-16.4720735664379
-15.4383408748117
-14.0026043521741
-12.2484991953199
-10.2656398232986
-8.25410479709896
-6.4530130414059
-4.87568776854778
-3.33038727202782
-1.71768957989339
-0.103591862859647
1.48246211352387
3.14633336274649
5.04544922785071
7.25081741565641
9.59075684661597
11.7080245777724
13.4771651012028
15.2091402777435
17.1850588067194
19.2297202208097
21.0357231633144
22.5839966347411
23.8772331172333
24.5156456289511
23.8783719912637
21.6411262502611
18.0416436329742
13.7581422191958
9.45702461145006
5.32372547068863
1.16890221543205
-2.99554383942566
-6.81883346445207
-10.0756831184895
-12.8636524243772
-15.2730249276957
-17.1949998384827
-18.4794989212397
-19.0574436359554
-18.9778129890731
-18.4645324273077
-17.7904716011295
-17.0157670834467
-16.0247319998555
-14.8228468709879
-13.5690411684229
-12.3244970554909
-11.0087697328323
-9.59127461365024
-8.10074139408962
-6.46561734659507
-4.53371160121748
-2.23148656771571
0.365602234905038
3.01615028786716
5.36845984706066
7.21794458825362
8.72308800269709
10.2643928036511
12.1343827220837
14.3096294097925
16.3039482031844
17.3802758799624
17.3024894899491
16.7707165525262
16.7033273833967
17.22928524181
17.7689431647578
17.8931326224631
17.7117163771519
17.5639329097004
17.5135279941257
16.9427348512915
14.7204358961662
10.2740450771578
4.51439253635292
-0.779250777713252
-4.51790412526038
-6.93807665730734
-8.88938678819425
-10.9412895560781
-13.1041145069972
-15.0291287413058
-16.3883854153248
-17.1756920980862
-17.6624127516871
-18.0955062359043
-18.5319831377264
-18.9059937798076
-19.1001757228483
-18.9867060657145
-18.521222661528
-17.7487026056403
-16.6799702205541
-15.274686664924
-13.520203941569
-11.3998595328013
-8.92624020458004
-6.36498183939511
-4.17374717240142
-2.50115753548734
-0.983763441296159
0.824645078761293
3.08443908019602
5.72716675152531
8.49620990884788
10.9185933256127
12.5897591431955
13.4909991053655
13.8248425042729
13.7013600846979
13.1840638160553
12.4420063228042
11.6871416887744
11.0738649640954
10.6366490276384
10.2076608775801
9.56101121651291
8.76775873875817
8.17484631517414
7.93598751719083
7.83658665875519
7.64457648564463
7.34705440474633
6.98246859144648
6.48891045353604
5.77724780260705
4.79901499592533
3.55785299513927
2.16814141816392
0.818711377936009
-0.404337653729973
-1.52768035601293
-2.52249036125404
-3.35104727823465
-4.13956796162444
-5.02817461650144
-5.92673268194674
-6.68512297119724
-7.36135643127162
-8.06780622681998
-8.72226374315625
-9.15196463668399
-9.28797394990544
-9.17729183396614
-8.96500765343738
-8.82100717357567
-8.72015042099524
-8.44035400677273
-7.90537989620029
-7.26523696688568
-6.52575543114305
-5.44041606252129
-3.892312994636
-2.08987629255685
-0.34036922488081
1.14207306273924
2.28062584862464
3.19359746761729
4.09407733340592
5.02359658782507
5.84520538907325
6.50473675900462
7.05959427087104
7.45883932211695
7.54580182658049
7.27089168161134
6.69875004194448
5.87323288957799
4.87624970081654
3.90192099826565
3.06153169911177
2.24106721317653
1.31067089941439
0.323094066266751
-0.587010084770426
-1.33648037439032
-1.91084347023472
-2.39475493515287
-2.92130435961683
-3.48946670589135
-3.96680257992173
-4.30592440511441
-4.56211428854571
-4.73808819192678
-4.84227191822037
-4.98002188190534
-5.14264357014493
-5.08956390710043
-4.66317854098289
-3.99785913268489
-3.26217494091928
-2.4535044405893
-1.52583609966687
-0.462744989218727
0.757442627272006
2.03705767043247
3.11681598288906
3.85751534309988
4.39918125415183
4.91548078480962
5.41688461264493
5.86083618160743
6.22853662386142
6.44799374223535
6.42759891803938
6.16762930522762
5.70277189611676
5.01405061582838
4.13117420544882
3.1835515364625
2.22379688270372
1.18785412360496
0.124830961467236
-0.77025716959435
-1.42103429347771
-1.94251124240512
-2.45479310227523
-3.01247520119124
-3.61781293168385
-4.14980169102668
-4.44349883254368
-4.52412989572615
-4.55658544275069
-4.57322875761447
-4.49813041213257
-4.3602350556322
-4.23189465507909
-4.0726713338425
-3.81336892454022
-3.42474830352381
-2.82307121717443
-1.94668049287851
-0.936437902188144
0.0097213843027364
0.885054825043656
1.74550348116852
2.49871438970719
3.04034038397619
3.41443377966144
3.68476710851623
3.84102423553175
3.91036695512397
3.96135523123599
3.9631907129837
3.81617179364822
3.51133408431807
3.11431312663064
2.65217774829238
2.1411890183778
1.61704490675356
1.04705500764714
0.380032415468839
-0.275055697801481
-0.747390166104238
-1.07380191839703
-1.42513845781025
-1.84263520243328
-2.28159135087869
-2.75517016598225
-3.21610064929672
-3.49950311441049
-3.54826969321539
-3.48323895020391
-3.38501637334945
-3.23045500026402
-3.0167605863949
-2.72922298280588
-2.28183444237048
-1.66245107878553
-0.9889256855253
-0.333270568500718
0.317236547223329
0.934101672909257
1.50186434902731
2.09732419547004
2.70298322180286
3.11799548776058
3.23525042640207
3.19090809097073
3.11908120001361
2.9925790464791
2.76580131839334
2.44675823898184
2.01913966318659
1.49630347217183
1.00844354845009
0.651302030596161
0.338740415812765
-0.0263528012975606
-0.373793021336568
-0.612680080635845
-0.788945817544654
-0.987283735947316
-1.25493925289669
-1.64815864067384
-2.15781993928598
-2.6312172761963
-2.93273023458716
-3.06799446958403
-3.05681755070423
-2.89112060601446
-2.66207927713275
-2.47594672941471
-2.252721083529
-1.84952258679427
-1.2946316223863
-0.689081865091536
-0.0462921879330557
0.603720459067314
1.17830509371949
1.710052163393
2.28936717813092
2.82300574889951
3.12672771646379
3.2095242746358
3.22116279884973
3.22274805326235
3.18409302360549
3.05856075114318
2.7700127847486
2.2952796802057
1.75795603034397
1.26426214997496
0.737665104460319
0.116173192781896
-0.428706660455916
-0.692140371353575
-0.708664696994318
-0.642596988229237
-0.597865922628257
-0.675315067811519
-0.95867496573369
-1.32498013789786
-1.53893554540583
-1.57778257935948
-1.59693663183205
-1.64197094478148
-1.67171414214501
-1.73202206902202
-1.85814902756769
-1.96472968805732
-1.9900805710521
-1.96566997664387
-1.89145812326066
-1.7338589865878
-1.4973330774667
-1.13831547469153
-0.573800994558444
0.0948448463812158
0.611518103328457
0.900763799478456
1.10723308063379
1.31822240624542
1.53188109745534
1.79932349580502
2.1297015551894
2.40354948643173
2.55509250989637
2.61913835062273
2.51476127983807
2.07837850657928
1.36764939649165
0.650644063433317
0.0852251843201459
-0.339768783039626
-0.603479428791649
-0.659047549512698
-0.581827976179557
-0.496798731382511
-0.449770573640916
-0.48620286635042
-0.673026107140777
-0.937494051880717
-1.11257774718847
-1.19148121012026
-1.30231639683495
-1.4657616275926
-1.60866077285513
-1.72013396324707
-1.8105136110876
-1.85740034007684
-1.8828462524562
-1.89447817317819
-1.75766941716261
-1.35095217120678
-0.767328713830872
-0.155848700678056
0.469819465026625
1.08952149446802
1.57160708371048
1.85085945608345
2.00298573231418
2.11311637630817
2.25976229147862
2.52333476068613
2.81576267006372
2.87855394611672
2.60767404460247
2.17517385963594
1.75126513310725
1.33880010811743
0.905180332672796
0.451903502347505
-0.0311496646347048
-0.492858032890444
-0.771935600320186
-0.793225408091841
-0.709087106115365
-0.694245963175751
-0.746190993679815
-0.817873583308748
-0.953079947612741
-1.17048940678778
-1.40241978605329
-1.60564290426498
-1.76971915306214
-1.86005445118277
-1.89635813853458
-1.95991215188383
-2.02518363202888
-1.97855157658556
-1.83875551707489
-1.71858674751022
-1.59074745678816
-1.33026808276001
-0.908181615623875
-0.36278874859342
0.2553979767417
0.800965763925142
1.14646349403764
1.42181988948575
1.84513859619494
2.34511543013109
2.66269676263882
2.73417529462266
2.68686430993164
2.59099105320095
2.43814506310109
2.21281807094406
1.86333761752199
1.36551391242612
0.835817469961504
0.407899132586309
0.0526851078081803
-0.301248566550777
-0.584117427976246
-0.71559636702719
-0.775581548009878
-0.847811761083106
-0.847730847739141
-0.677914760234774
-0.40424088141304
-0.185330194056082
-0.180412394819501
-0.496851694982301
-1.03976366289444
-1.5227436689254
-1.79881745795551
-1.99584594824629
-2.20921250608781
-2.33363226281833
-2.28696365757509
-2.10993631170783
-1.81079536587618
-1.37557606109876
-0.88580447138247
-0.405457367011301
0.121389772470583
0.69291921285108
1.15736184161845
1.41321232606288
1.52079345401194
1.60439984735996
1.80511613995058
2.21371531280809
2.6827282699702
2.88290068900624
2.67681540741997
2.23967447950767
1.76649090242896
1.29538591025037
0.819918016507582
0.34100466364949
-0.172795341335328
-0.693927597115747
-1.079479062617
-1.25428498598358
-1.31254934320582
-1.30585358018898
-1.13909550903677
-0.817809969046561
-0.557361201861834
-0.519326747422741
-0.663762428329926
-0.899227456201627
-1.14486166939937
-1.28294124692508
-1.26845025330494
-1.20100361865237
-1.15549313044328
-1.10085606634106
-1.03946264275896
-1.00815389017849
-0.940196319898145
-0.735569595135966
-0.404067736283705
0.0091761706936934
0.480288349924648
0.901234192287197
1.15507755079671
1.32154352472395
1.53906502424175
1.72818276523697
1.74112646164562
1.64647809101357
1.5872251082297
1.53698615722083
1.41700026681614
1.24979690098596
1.05231005739659
0.781069038179746
0.450116480768418
0.122275022173866
-0.200079601970175
-0.505987301749399
-0.678473425472843
-0.636919198017797
-0.471434075010061
-0.307981011240603
-0.203667504704157
-0.251448792331784
-0.526381611908733
-0.854251408261614
-0.930989776776634
-0.729356420534009
-0.528410477506664
-0.558307103087099
-0.82584847382404
-1.18693677368174
-1.42531996875808
-1.39955970970494
-1.19210172364824
-0.969400286453958
-0.755531780992957
-0.522785858342669
-0.336211364418568
-0.201992471974641
0.0112011755861745
0.328857633181965
0.589668477774816
0.701675528942576
0.732217524560704
0.742440366460587
0.761527690800465
0.834454558125243
0.914102706021573
0.874872730532029
0.743583353104612
0.68751985916947
0.729026834728004
0.726321827407563
0.630377080837479
0.517643579513874
0.416858866037035
0.319340720976154
0.277090567180899
0.302421239513709
0.285419327944026
0.170767940201993
0.071145355580076
0.0834657069325872
0.158935755492519
0.210715414118365
0.171501683023637
-0.0158811265738259
-0.273417507393703
-0.381749417367915
-0.283083467397458
-0.198106619468865
-0.298387804107146
-0.500416935447149
-0.668297146145577
-0.76061712134132
-0.75647575633032
-0.6856174018731
-0.689156019767379
-0.844759821983372
-1.03275012955191
-1.10876630588559
-1.05489755136035
-0.907134814306661
-0.716584705852374
-0.559126670693935
-0.424623952196988
-0.212326672769468
0.0649935052305197
0.289474702725216
0.481974563848406
0.738689377711329
0.951940579350878
0.945665163335428
0.835235368468765
0.898314717710175
1.14592376431669
1.33058442018024
1.30881774570832
1.14304453882994
0.936002261832278
0.755476847493984
0.611016133308776
0.410082164322294
0.101746579909518
-0.148010469957121
-0.165473862774305
-0.0704293683346056
-0.0968300195788918
-0.254069205524151
-0.415548762816943
-0.546803317953394
-0.646013244208704
-0.681385373506893
-0.706286342105327
-0.813046784581238
-0.955707635842188
-1.02917974158952
-1.04972390572323
-1.08287102154505
-1.1340230792533
-1.20941254643713
-1.28509102428045
-1.20968086707787
-0.88823641798926
-0.493262916606087
-0.241194641930877
-0.102046690480675
0.0508795293698836
0.213958977777947
0.362066534798293
0.562405996157667
0.848280033843684
1.16251617037646
1.46546597124486
1.74102210900522
1.93147865945971
2.00801360761526
2.02466128484966
1.99034498829777
1.82094383695049
1.51519622042977
1.20614508174202
0.966499173979266
0.752744467911978
0.547024230819492
0.341726365662234
0.0528366131947024
-0.337119098409966
-0.68587110791035
-0.907944487954573
-1.07331704755447
-1.19009673475584
-1.1677890892855
-1.0442594785376
-0.964004434633025
-0.959401687350388
-1.00239384005001
-1.13913466712182
-1.35613684533608
-1.51607222067823
-1.57032726673822
-1.57774104976341
-1.4776767566603
-1.17342587937578
-0.810370903185413
-0.630001226821738
-0.621160833899156
-0.591252141885626
-0.44489020252647
-0.193065975710398
0.133414361660786
0.456090669052491
0.709175704340936
0.951456124668345
1.25152031616898
1.52714990123921
1.66971061161853
1.70672961460105
1.67619905122934
1.51226389765711
1.21545222069511
0.92384064212269
0.681981850770622
0.390416480480107
0.0715578640853073
-0.0983752632965385
-0.0713371325982193
0.0145041381445693
0.0419825398466557
-0.0118307472236529
-0.116124873819399
-0.183390197084978
-0.16759961735037
-0.172977546090752
-0.282916089601886
-0.389533221838876
-0.410349683211458
-0.474828735793412
-0.672155001340077
-0.870173867477993
-0.968438898473901
-1.03536097340586
-1.07791478204507
-0.988384583687278
-0.769096431405556
-0.536761170822633
-0.345770395177692
-0.215698107007203
-0.194466870309153
-0.232218691124797
-0.166038012545074
0.0763770343052523
0.420336782616999
0.785850041314751
1.11576903403994
1.32258660760369
1.36973629208359
1.32699118826056
1.23116800411934
1.02568824359649
0.732009900851154
0.501464915624866
0.412918810658325
0.395574195743789
0.365635921132484
0.260045268699991
0.0185147609213383
-0.280226995197381
-0.424056205450954
-0.368409807457955
-0.312177195782879
-0.37689060758889
-0.478876393618923
-0.550298222106615
-0.604494070950197
-0.619454912407293
-0.604045969148458
-0.654376342991033
-0.749925089014947
-0.710660147034182
-0.507706158056852
-0.353488458416098
-0.388567418465218
-0.532423140576463
-0.647580544825216
-0.629440824538731
-0.424023248268855
-0.127196716703361
0.0882850419960668
0.220942671221854
0.399246239244969
0.607268170334218
0.722095679067816
0.767838497868861
0.858256218951267
0.965352211718667
0.985279494419585
0.928511849604019
0.844656842070569
0.695788997340946
0.461233948192411
0.199624948996325
-0.0814200263416055
-0.397872539932308
-0.617781809468751
-0.590009825847993
-0.410822086039215
-0.298518432116754
-0.298061300912444
-0.324518046065055
-0.334381258801619
-0.298698115220935
-0.206325538226282
-0.159406089159012
-0.251104943694034
-0.382573931684584
-0.412682650693203
-0.369657774553281
-0.3314357448557
-0.279360610269209
-0.202707385942305
-0.141461561378825
-0.0796975509119046
0.0040112750435245
0.05395754855081
0.0897063107685512
0.252655773802803
0.534488621973767
0.714922084183787
0.692520359832157
0.600777283443901
0.54086351785673
0.476276934369738
0.395084076812013
0.329200420320403
0.245558099370554
0.109452974177242
-0.0212467991725821
-0.109565495323988
-0.220568782880507
-0.371947706430197
-0.464294915207377
-0.446874235764367
-0.383342675651436
-0.33381495500513
-0.341718856891162
-0.461326250899368
-0.626651511786579
-0.650216928719984
-0.500197734210691
-0.36552977422567
-0.355870624757398
-0.391923352659776
-0.416171451832356
-0.440348888819817
-0.414750658973737
-0.285795432924135
-0.097627024472582
0.107888405098189
0.327336905149147
0.491811197993158
0.575111281246339
0.75358272790625
1.14851176747781
1.52661894702491
1.57842163075617
1.34270167700529
1.09588522121841
1.00891901057873
1.07387045762089
1.14493138774856
0.980400803889113
0.476660996742462
-0.138537002041175
-0.546417253806549
-0.69329312523996
-0.728162074335023
-0.727989943476404
-0.680471135388967
-0.602284690798268
-0.512478483526984
-0.417063384028323
-0.391218112399419
-0.507394965015837
-0.685613021861226
-0.803729529051058
-0.869897478604874
-0.909209907879438
-0.859000180719149
-0.730143743441397
-0.633728232481414
-0.555823601825821
-0.382194892133773
-0.158426578353237
-0.0345404641651792
-0.0121348676252708
-0.0065759963412972
-0.0198964533383131
-0.0402307530584448
0.031543849044472
0.207653618934138
0.377903166473275
0.487615880154149
0.540022697884267
0.500151084481771
0.398933988796126
0.365695164763441
0.397564386559474
0.330779925846977
0.144525510390491
0.025787654573974
0.0775173355859816
0.209113560754811
0.310679985760994
0.324586436941744
0.206799505096296
0.0013662750731931
-0.143318273285741
-0.176563760738084
-0.217984541613176
-0.314560286006664
-0.331230725089276
-0.191836643966942
-0.0065611652377279
0.108321182184969
0.12598643538093
0.0381500821239315
-0.113029363138281
-0.21410021833819
-0.235143331208266
-0.255868627387909
-0.273778212110517
-0.205549113192248
-0.081535284600339
0.0027549062263133
0.0688514694078699
0.171865293084833
0.266656561386975
0.326301140227041
0.405589106638816
0.493347785230803
0.530806850674852
0.573776138315057
0.680618241464802
0.733942871247606
0.628454983208162
0.472188523507034
0.388702054272883
0.326778154327923
0.20931940259327
0.0590066673388695
-0.0786162104455813
-0.156794383138593
-0.122504112424645
-0.0400207419039496
-0.084864718215308
-0.282374466225782
-0.434333487101252
-0.41657034389305
-0.335046665241631
-0.303522336826177
-0.317818147608678
-0.405509469666304
-0.616227833501933
-0.833309821497707
-0.870615609741065
-0.734407764492928
-0.55568976738008
-0.370967731247307
-0.175598383596477
-0.0383823135887203
-0.006476926264795
-0.0465250667200585
-0.124417800872675
-0.190015994695008
-0.156079250633058
-0.0528845847075591
-0.0458169916237261
-0.158951634308441
-0.197712117160537
-0.0489607197183702
0.171326758044871
0.302986903251144
0.274407711509704
0.123272447395045
0.0415621066711336
0.219258956952206
0.53398700310704
0.655137014595402
0.512107370351404
0.358934350466791
0.364381410997954
0.441555192939016
0.47328659515652
0.4405467190268
0.33884819528354
0.1625187761225
-0.0406739372055803
-0.202561510099028
-0.277048440592957
-0.234012517150813
-0.121367579942242
-0.0862627830123065
-0.168207267629658
-0.184453088007234
-0.0245222976357388
0.12949912940481
0.098671729241645
-0.0220125488348762
-0.0925020499070355
-0.14800849537038
-0.233693988531196
-0.298702166692395
-0.335499305916575
-0.371491719149126
-0.338786258943854
-0.174930255842447
0.0424083400382583
0.223740055061963
0.362025065723562
0.412772151363624
0.31981247195499
0.19659854842782
0.224562713374604
0.382890936951275
0.495725735956272
0.473018224180639
0.356325673940559
0.25035455653861
0.261477361065192
0.344893772586955
0.272583156972087
-0.0513090860080624
-0.388446060214056
-0.496027439539658
-0.457675327617511
-0.458973489076336
-0.472034937955708
-0.410698239421515
-0.359661273188001
-0.401091200221728
-0.428910465602215
-0.333877108080922
-0.17459646410906
-0.0501957427004109
0.0093152409785845
0.0035810922532313
-0.0266145058421938
-0.0123044491399644
0.0180639784039729
-0.026056124738779
-0.105045933222283
-0.106054706412035
-0.0598742705047644
-0.0615919099873392
-0.067911544583219
0.0020214983636005
0.111692483991969
0.223382188364983
0.36896871651852
0.506827609740417
0.540651144058933
0.498916898210569
0.469458281366115
0.435025054836905
0.374660688749639
0.360527433548167
0.389271225915687
0.328633663407545
0.134248426620065
-0.0956772439249666
-0.305908650322024
-0.525010494678951
-0.753340304918272
-0.963229825218059
-1.13561353377152
-1.20576480597237
-1.10174048910871
-0.891133591585975
-0.715013288362314
-0.549365143139606
-0.254268366348075
0.135132876018623
0.425150080064726
0.55155461987454
0.596388374548619
0.587850509315079
0.516618085236566
0.437298396011397
0.3811829206768
0.31602491683058
0.261321286235255
0.251381146182177
0.215095493134469
0.110132442795823
0.0586624786938468
0.140940869442933
0.24818849132734
0.310179600646299
0.412540519579338
0.573223212613276
0.684960379569329
0.71789624671699
0.712004353838676
0.634080178028948
0.480692802823348
0.371268626608149
0.357756283934003
0.345012800134356
0.284446038483407
0.200112948605209
0.0238602759433518
-0.326106271154629
-0.744187901613324
-1.04918337220537
-1.21418497260188
-1.29678459576624
-1.27165208099272
-1.11203319574853
-0.900406722286171
-0.709672949921828
-0.513024831933607
-0.29905539087612
-0.120454801385906
-0.0028496045607778
0.0529022633037526
0.049121268695607
0.0945871449973885
0.353659332737543
0.777970320162076
1.11226594198377
1.23015801420676
1.21611651212516
1.12597299092476
0.930719318519946
0.644326125907941
0.300532225752602
-0.0776036755497774
-0.370430614955952
-0.437067891578472
-0.344980798250275
-0.269557210973929
-0.213615602085037
-0.108714804715663
-0.0552448526724121
-0.166173530542223
-0.345330314414312
-0.451498856978421
-0.484185117643815
-0.481406686694067
-0.46042597872652
-0.500759411691933
-0.66640985747242
-0.872264232217273
-1.00919722621816
-1.10872807557528
-1.2236906478413
-1.27650318399807
-1.17510228047599
-0.948224769412795
-0.664511335081989
-0.369476071539569
-0.145980752755437
-0.0530612752983908
-0.0097948376792307
0.0848998599016087
0.200171240668357
0.29023730882176
0.4016896181865
0.557765063972252
0.747051935142738
1.05353142473228
1.54095760359041
2.05433234714341
2.40341714601712
2.63302515513258
2.87415112158789
3.09248183067871
3.15706962027748
2.95493046796987
2.37586592074423
1.44831674749868
0.471200039527477
-0.266697657882001
-0.801367083221361
-1.29540651546339
-1.73451044858757
-2.03985762282799
-2.2364750329066
-2.33490608786428
-2.26835745573033
-2.0383432778379
-1.74176067485491
-1.45233515323753
-1.21416603016379
-1.07626309413285
-1.01312100334214
-0.920869266887427
-0.778687355315701
-0.67188982561738
-0.609001336886469
-0.503355729268477
-0.346364747191454
-0.182049645489947
0.0419651005261897
0.357993624924553
0.618931982973915
0.683891970282961
0.608089566243325
0.480538579946717
0.292104863599763
0.0769852921380429
-0.0558856522605502
-0.077661511304287
-0.0227702100795036
0.106530126961411
0.241653553733322
0.239863991821104
0.133843254331125
0.150116234494193
0.378729017967871
0.690771490878009
0.997925283570423
1.30588188706445
1.55284650441887
1.64302578960812
1.54638203973032
1.22226639085093
0.634735634978697
-0.0703580516264288
-0.627515718054468
-0.92470714769778
-1.02726184640286
-0.993449952428039
-0.859188796962931
-0.709652713247089
-0.594618463490892
-0.472855494601586
-0.341451312880993
-0.262229664416499
-0.196724846355969
-0.0321575671764267
0.188423187340824
0.30585778209216
0.306078609143824
0.294164540884564
0.279555595059387
0.213423023525683
0.116128711916202
0.0086604926978259
-0.112156639153705
-0.17289990508101
-0.116134729725747
-0.0568330330111568
-0.113183505891291
-0.203475412878158
-0.223920490291142
-0.229202380225864
-0.263609173486957
-0.259043672308727
-0.211294100270294
-0.20534091965758
-0.245455471796016
-0.283679617080767
-0.324778930011596
-0.324565306318284
-0.181816035573211
0.040425380607048
0.143001390456824
0.0961915744178334
0.0400524791334273
0.0083226425947349
-0.0618126930836081
-0.124300738059823
-0.0943847995132321
-0.0188080318112841
0.0376059169399078
0.129731124890974
0.278612770570374
0.359695579478439
0.293289390347056
0.156423871296749
0.0265244927364264
-0.0656619249245362
-0.0288777937438473
0.187363845140439
0.437406443585627
0.555166032073038
0.568436973577372
0.566092275549739
0.537796732742839
0.469640146743292
0.39812960615091
0.320594625598194
0.231909943029094
0.197763443568668
0.235173313445704
0.247998159754356
0.182605526452961
0.0692103992047771
-0.100452373402088
-0.315244198058905
-0.453158708933384
-0.482736955800192
-0.574188804314423
-0.793975111848596
-0.947611678745187
-0.899461885656491
-0.752469342916688
-0.606328378461173
-0.437961788981307
-0.25694490260778
-0.114139194108997
0.0154656412242769
0.156185276787464
0.235276555966389
0.215331731810994
0.172645822910244
0.130649118379747
0.015565627464988
-0.135294713109408
-0.167331269954466
-0.0821654600335412
-0.0595622050461871
-0.170015764063051
-0.298356554079432
-0.323324192627212
-0.186733400881808
0.10933039528951
0.445128417766927
0.67541686184899
0.814813341498816
0.950548437986268
1.04686430635485
1.04516033608076
1.00334319288653
0.939238928502515
0.748876058231311
0.42695924283886
0.113708690065943
-0.154988080054924
-0.473696698738949
-0.839177121592715
-1.1349646362704
-1.27127556095583
-1.1846903164378
-0.876900986681088
-0.539761200399725
-0.39610879346978
-0.399587246319801
-0.349619215963567
-0.227738654596256
-0.145927087423385
-0.0820880007884111
0.0644933420971589
0.262419797389249
0.399624084563729
0.443787771653425
0.424976648857758
0.378902648139621
0.364646662204439
0.395509428933659
0.375772134548169
0.281781144808846
0.296307090913946
0.549869472932235
0.885980227342517
1.07000062284845
1.022282363217
0.731344778113703
0.22172179721758
-0.316590107394909
-0.655669588368517
-0.802067384345295
-0.911636519678135
-1.03241938321256
-1.13076967206189
-1.19653555722365
-1.17263420915838
-0.987881615882602
-0.714407734948461
-0.467388905013989
-0.213883068963539
0.074446727161471
0.242802964974411
0.174582070333631
-0.0081026659406955
-0.136012785224001
-0.155930018036473
-0.0385536513978953
0.212718715755195
0.460277182098184
0.572653358111612
0.599470083746538
0.63133581454879
0.637036921444944
0.595811032167735
0.592015524400551
0.631934348133819
0.582414898353278
0.409948015314555
0.254672690564947
0.196510991745164
0.176659470672144
0.154822462205145
0.127022150054402
0.0535952559035115
-0.0556776895100505
-0.115994016428392
-0.125380170334969
-0.159676261949293
-0.20281003542914
-0.209365243568932
-0.255656470342289
-0.391508075822598
-0.493894413446468
-0.471479552788415
-0.400648129371209
-0.328375537847953
-0.218590232444112
-0.14320311142547
-0.202657192603008
-0.283692113418254
-0.221981794124769
-0.101951369907651
-0.100594601005537
-0.190481617161919
-0.222026842995595
-0.124288512809475
0.0880413816737537
0.32317193898308
0.426993674957325
0.364746001764104
0.302726992065041
0.363357619201983
0.454185771808367
0.464715945692374
0.435038479450704
0.418587632432375
0.387799532592095
0.350025479332829
0.339993240361441
0.289306149021848
0.135199167998467
-0.0104309750966569
-0.035415247179577
-0.0255776095444078
-0.0808743204428844
-0.143695603319308
-0.163507531805512
-0.183338580278782
-0.191535362172672
-0.146500466147378
-0.11954245900743
-0.171155145152284
-0.221425348795596
-0.251153316904293
-0.395985959343288
-0.664595370304237
-0.850291736292772
-0.845117566844889
-0.753438510308725
-0.663887012307933
-0.582352143438124
-0.531199107218502
-0.487296498308399
-0.354758148494218
-0.141549760457693
0.0330335674508286
0.153349347543895
0.292661245117281
0.418591813743686
0.461518331928499
0.490083636597212
0.591427896088525
0.696097348601309
0.710082633735596
0.673805773743895
0.641912881680939
0.578097140790566
0.476969909617344
0.401499137791136
0.350984389924405
0.286780855916719
0.253524149400992
0.277950970683309
0.264316866744499
0.168064928813762
0.0945855534192293
0.096621922303619
0.0901714975213168
0.0324137781413694
-0.0395575681363587
-0.128611981720402
-0.237824639822661
-0.310151949637972
-0.35514249129507
-0.463834356043396
-0.618388047839118
-0.710694130590028
-0.74133531433161
-0.744940123654136
-0.628893901388747
-0.366184114340682
-0.166333959753655
-0.191566173931645
-0.324958654630137
-0.410043040239998
-0.454616200548167
-0.471084572037207
-0.385888432701698
-0.187297234995564
0.0496141111945964
0.29120024023727
0.533606147527559
0.716515935178665
0.788130498280639
0.784781332975397
0.750224427607184
0.677203080451271
0.591499208373458
0.567221787264696
0.624339885864384
0.718616046033411
0.78622114773318
0.712677189192917
0.413616342626352
0.0298092686706313
-0.176158550407593
-0.160795940307711
-0.0938836094456916
-0.059104361833347
-0.0377736631140118
-0.0752834464610908
-0.188617694520511
-0.269727359670513
-0.290976151576293
-0.380086426239428
-0.557758774304038
-0.683997571434751
-0.724011211029447
-0.764600942855716
-0.78944709915249
-0.727367652469039
-0.625572397320053
-0.54149165272833
-0.43194859873934
-0.304823089525431
-0.25333619364993
-0.252179132312737
-0.16076162250107
0.039179261935338
0.221718477271778
0.315767759244688
0.355235605321227
0.373372216432937
0.375875558330386
0.373276389453847
0.366824873910037
0.357672558949296
0.376781067315571
0.419504358430664
0.406125724791245
0.317375649701352
0.244336689950911
0.195363250864779
0.0666152579074472
-0.0964089848766241
-0.0960268220699906
0.0765167304226492
0.205954480100534
0.186095958146436
0.0892069743440646
-0.0418501704661269
-0.187636538210732
-0.254372648515436
-0.212418710928395
-0.171771162176192
-0.182618401484512
-0.174040150416085
-0.140846494622584
-0.15199003411715
-0.198282519833625
-0.239700860175422
-0.2871982946275
-0.286006530712185
-0.124019080673097
0.143507744789464
0.319025137760557
0.341010680917523
0.302758121809467
0.248886919952666
0.17523231679561
0.129037478957971
0.129256364098006
0.119692435344652
0.116217666415504
0.211167069016153
0.347896221522033
0.334986410670627
0.165071249248746
0.0514287801741453
0.0826650003431697
0.10976789353199
0.0105573372627533
-0.16567761855612
-0.301081062716787
-0.301300384696351
-0.171197312879418
-0.0616226414802909
-0.0906774622191385
-0.153178386586855
-0.103048664739505
-0.0016848313482005
0.0278868216072521
0.0077026467269864
-0.017466224302856
-0.0744761745191797
-0.115899799402693
-0.0480365480455914
0.0575416600287263
0.0517287047233569
-0.0486562760519647
-0.149439179603045
-0.256708615795912
-0.359547205816357
-0.352074228911077
-0.217356551574684
-0.06337303030723
0.0604455495739121
0.154208688828255
0.145785821141981
0.013316908098502
-0.0905669445423869
-0.0426075451651366
0.0669004809859397
0.105269050870028
0.0795270203370884
0.0391723263452255
-0.009878075963481
-0.0341166162768692
-0.0200424698856965
-0.0759853593982176
-0.256409852777576
-0.38009065156072
-0.272847136709024
-0.0440397041120186
0.0954667949268263
0.0985287055870789
0.024370154961867
-0.0494014489993966
0.0012819401858422
0.221158894709609
0.447844592042758
0.515886168030857
0.466581586326463
0.39966960787958
0.322216702103264
0.247991073525257
0.204669228643193
0.118637845957429
-0.0598028307216456
-0.189153475093961
-0.128695067470018
